A,0,0,0,3,8,00
B,0,0,0,3,8,00
A,0,0,0,6,1,00
B,0,0,0,6,1,00
A,0,0,0,8,10,00
B,0,0,0,8,10,00
A,0,0,0,11,10,00
B,0,0,0,11,10,00
A,0,0,0,12,3,00
B,0,0,0,12,3,00
A,0,0,0,21,2,00
B,0,0,0,21,2,00
A,0,0,0,30,6,00
B,0,0,0,30,6,00
A,0,0,0,36,6,00
B,0,0,0,36,6,00
A,0,0,0,37,2,00
B,0,0,0,37,2,00
A,0,0,0,42,5,00
B,0,0,0,42,5,00
A,0,0,0,43,5,00
B,0,0,0,43,5,00
A,0,0,0,45,5,00
B,0,0,0,45,5,00
A,0,1,0,3,6,00
B,0,1,0,3,6,00
A,0,1,0,6,7,00
B,0,1,0,6,7,00
A,0,1,0,9,9,00
B,0,1,0,9,9,00
A,0,1,0,16,8,00
B,0,1,0,16,8,00
A,0,1,0,21,9,00
B,0,1,0,21,9,00
A,0,1,0,28,9,00
B,0,1,0,28,9,00
A,0,1,0,32,1,00
B,0,1,0,32,1,00
A,0,1,0,33,2,00
B,0,1,0,33,2,00
A,0,1,0,41,3,00
B,0,1,0,41,3,00
A,0,1,0,42,3,00
B,0,1,0,42,3,00
A,0,0,1,1,10,00
B,0,0,1,1,10,00
A,0,0,1,14,6,00
B,0,0,1,14,6,00
A,0,0,1,18,9,00
B,0,0,1,18,9,00
A,0,0,1,19,8,00
B,0,0,1,19,8,00
A,0,0,1,20,5,00
B,0,0,1,20,5,00
A,0,0,1,24,4,00
B,0,0,1,24,4,00
A,0,0,1,25,9,00
B,0,0,1,25,9,00
A,0,0,1,37,5,00
B,0,0,1,37,5,00
A,0,0,1,46,6,00
B,0,0,1,46,6,00
A,0,1,1,10,5,00
B,0,1,1,10,5,00
A,0,1,1,16,9,00
B,0,1,1,16,9,00
A,0,1,1,24,8,00
B,0,1,1,24,8,00
A,0,1,1,34,4,00
B,0,1,1,34,4,00
A,0,1,1,41,6,00
B,0,1,1,41,6,00
A,0,1,1,44,3,00
B,0,1,1,44,3,00
A,0,0,2,0,5,00
B,0,0,2,0,5,00
A,0,0,2,2,8,00
B,0,0,2,2,8,00
A,0,0,2,3,3,00
B,0,0,2,3,3,00
A,0,0,2,6,9,00
B,0,0,2,6,9,00
A,0,0,2,9,6,00
B,0,0,2,9,6,00
A,0,0,2,11,4,00
B,0,0,2,11,4,00
A,0,0,2,16,6,00
B,0,0,2,16,6,00
A,0,0,2,18,6,00
B,0,0,2,18,6,00
A,0,0,2,19,2,00
B,0,0,2,19,2,00
A,0,0,2,30,2,00
B,0,0,2,30,2,00
A,0,0,2,33,0,00
B,0,0,2,33,0,00
A,0,0,2,41,9,00
B,0,0,2,41,9,00
A,0,0,2,42,10,00
B,0,0,2,42,10,00
A,0,0,2,47,5,00
B,0,0,2,47,5,00
A,0,0,2,49,1,00
B,0,0,2,49,1,00
A,0,1,2,0,3,00
B,0,1,2,0,3,00
A,0,1,2,6,7,00
B,0,1,2,6,7,00
A,0,1,2,15,1,00
B,0,1,2,15,1,00
A,0,1,2,19,6,00
B,0,1,2,19,6,00
A,0,1,2,20,9,00
B,0,1,2,20,9,00
A,0,1,2,24,1,00
B,0,1,2,24,1,00
A,0,1,2,28,5,00
B,0,1,2,28,5,00
A,0,1,2,31,2,00
B,0,1,2,31,2,00
A,0,1,2,32,8,00
B,0,1,2,32,8,00
A,0,1,2,35,3,00
B,0,1,2,35,3,00
A,0,1,2,40,5,00
B,0,1,2,40,5,00
A,0,0,3,1,3,00
B,0,0,3,1,3,00
A,0,0,3,6,2,00
B,0,0,3,6,2,00
A,0,0,3,13,4,00
B,0,0,3,13,4,00
A,0,0,3,21,6,00
B,0,0,3,21,6,00
A,0,0,3,24,9,00
B,0,0,3,24,9,00
A,0,0,3,32,10,00
B,0,0,3,32,10,00
A,0,0,3,36,8,00
B,0,0,3,36,8,00
A,0,0,3,48,9,00
B,0,0,3,48,9,00
A,0,1,3,3,7,00
B,0,1,3,3,7,00
A,0,1,3,7,8,00
B,0,1,3,7,8,00
A,0,1,3,11,3,00
B,0,1,3,11,3,00
A,0,1,3,15,4,00
B,0,1,3,15,4,00
A,0,1,3,17,9,00
B,0,1,3,17,9,00
A,0,1,3,23,6,00
B,0,1,3,23,6,00
A,0,1,3,38,1,00
B,0,1,3,38,1,00
A,0,1,3,42,7,00
B,0,1,3,42,7,00
A,0,1,3,43,2,00
B,0,1,3,43,2,00
A,0,0,4,2,4,00
B,0,0,4,2,4,00
A,0,0,4,5,3,00
B,0,0,4,5,3,00
A,0,0,4,12,7,00
B,0,0,4,12,7,00
A,0,0,4,16,4,00
B,0,0,4,16,4,00
A,0,0,4,17,5,00
B,0,0,4,17,5,00
A,0,0,4,33,3,00
B,0,0,4,33,3,00
A,0,0,4,34,7,00
B,0,0,4,34,7,00
A,0,0,4,37,7,00
B,0,0,4,37,7,00
A,0,0,4,38,8,00
B,0,0,4,38,8,00
A,0,0,4,39,6,00
B,0,0,4,39,6,00
A,0,0,4,40,3,00
B,0,0,4,40,3,00
A,0,0,4,42,10,00
B,0,0,4,42,10,00
A,0,0,4,47,7,00
B,0,0,4,47,7,00
A,0,1,4,1,5,00
B,0,1,4,1,5,00
A,0,1,4,11,1,00
B,0,1,4,11,1,00
A,0,1,4,16,4,00
B,0,1,4,16,4,00
A,0,1,4,18,3,00
B,0,1,4,18,3,00
A,0,1,4,19,2,00
B,0,1,4,19,2,00
A,0,1,4,20,5,00
B,0,1,4,20,5,00
A,0,1,4,38,1,00
B,0,1,4,38,1,00
A,0,1,4,39,2,00
B,0,1,4,39,2,00
A,0,1,4,43,9,00
B,0,1,4,43,9,00
A,0,1,4,44,4,00
B,0,1,4,44,4,00
A,0,1,4,49,9,00
B,0,1,4,49,9,00
A,0,0,5,12,9,00
B,0,0,5,12,9,00
A,0,0,5,25,4,00
B,0,0,5,25,4,00
A,0,0,5,28,0,00
B,0,0,5,28,0,00
A,0,0,5,30,1,00
B,0,0,5,30,1,00
A,0,0,5,32,1,00
B,0,0,5,32,1,00
A,0,0,5,33,4,00
B,0,0,5,33,4,00
A,0,0,5,40,3,00
B,0,0,5,40,3,00
A,0,1,5,9,5,00
B,0,1,5,9,5,00
A,0,1,5,12,2,00
B,0,1,5,12,2,00
A,0,1,5,18,1,00
B,0,1,5,18,1,00
A,0,1,5,24,9,00
B,0,1,5,24,9,00
A,0,1,5,25,9,00
B,0,1,5,25,9,00
A,0,1,5,35,6,00
B,0,1,5,35,6,00
A,0,1,5,37,6,00
B,0,1,5,37,6,00
A,0,1,5,38,2,00
B,0,1,5,38,2,00
A,0,1,5,40,2,00
B,0,1,5,40,2,00
A,0,1,5,42,4,00
B,0,1,5,42,4,00
A,0,0,6,31,5,00
B,0,0,6,31,5,00
A,0,0,6,41,3,00
B,0,0,6,41,3,00
A,0,0,6,43,5,00
B,0,0,6,43,5,00
A,0,0,6,44,2,00
B,0,0,6,44,2,00
A,0,1,6,1,2,00
B,0,1,6,1,2,00
A,0,1,6,7,4,00
B,0,1,6,7,4,00
A,0,1,6,11,2,00
B,0,1,6,11,2,00
A,0,1,6,14,2,00
B,0,1,6,14,2,00
A,0,1,6,16,7,00
B,0,1,6,16,7,00
A,0,1,6,18,0,00
B,0,1,6,18,0,00
A,0,1,6,22,9,00
B,0,1,6,22,9,00
A,0,1,6,28,4,00
B,0,1,6,28,4,00
A,0,1,6,33,9,00
B,0,1,6,33,9,00
A,0,1,6,37,2,00
B,0,1,6,37,2,00
A,0,1,6,45,7,00
B,0,1,6,45,7,00
A,0,1,6,47,4,00
B,0,1,6,47,4,00
A,0,0,7,10,1,00
B,0,0,7,10,1,00
A,0,0,7,11,6,00
B,0,0,7,11,6,00
A,0,0,7,13,6,00
B,0,0,7,13,6,00
A,0,0,7,21,1,00
B,0,0,7,21,1,00
A,0,0,7,23,8,00
B,0,0,7,23,8,00
A,0,0,7,24,0,00
B,0,0,7,24,0,00
A,0,0,7,30,6,00
B,0,0,7,30,6,00
A,0,0,7,34,7,00
B,0,0,7,34,7,00
A,0,0,7,39,5,00
B,0,0,7,39,5,00
A,0,0,7,40,3,00
B,0,0,7,40,3,00
A,0,0,7,48,1,00
B,0,0,7,48,1,00
A,0,1,7,17,5,00
B,0,1,7,17,5,00
A,0,1,7,25,4,00
B,0,1,7,25,4,00
A,0,1,7,32,2,00
B,0,1,7,32,2,00
A,0,1,7,37,6,00
B,0,1,7,37,6,00
A,0,1,7,42,4,00
B,0,1,7,42,4,00
A,0,0,8,7,8,00
B,0,0,8,7,8,00
A,0,0,8,11,2,00
B,0,0,8,11,2,00
A,0,0,8,12,5,00
B,0,0,8,12,5,00
A,0,0,8,22,7,00
B,0,0,8,22,7,00
A,0,0,8,26,5,00
B,0,0,8,26,5,00
A,0,0,8,31,0,00
B,0,0,8,31,0,00
A,0,0,8,35,6,00
B,0,0,8,35,6,00
A,0,0,8,36,9,00
B,0,0,8,36,9,00
A,0,0,8,40,7,00
B,0,0,8,40,7,00
A,0,0,8,45,4,00
B,0,0,8,45,4,00
A,0,0,8,46,9,00
B,0,0,8,46,9,00
A,0,0,8,49,2,00
B,0,0,8,49,2,00
A,0,1,8,2,9,00
B,0,1,8,2,9,00
A,0,1,8,4,3,00
B,0,1,8,4,3,00
A,0,1,8,9,4,00
B,0,1,8,9,4,00
A,0,1,8,12,3,00
B,0,1,8,12,3,00
A,0,1,8,15,3,00
B,0,1,8,15,3,00
A,0,1,8,18,9,00
B,0,1,8,18,9,00
A,0,1,8,20,9,00
B,0,1,8,20,9,00
A,0,1,8,23,2,00
B,0,1,8,23,2,00
A,0,0,9,0,2,00
B,0,0,9,0,2,00
A,0,0,9,1,7,00
B,0,0,9,1,7,00
A,0,0,9,3,2,00
B,0,0,9,3,2,00
A,0,0,9,7,3,00
B,0,0,9,7,3,00
A,0,0,9,8,9,00
B,0,0,9,8,9,00
A,0,0,9,17,2,00
B,0,0,9,17,2,00
A,0,0,9,18,8,00
B,0,0,9,18,8,00
A,0,0,9,26,6,00
B,0,0,9,26,6,00
A,0,0,9,44,4,00
B,0,0,9,44,4,00
A,0,0,9,46,0,00
B,0,0,9,46,0,00
A,0,1,9,1,7,00
B,0,1,9,1,7,00
A,0,1,9,2,9,00
B,0,1,9,2,9,00
A,0,1,9,16,1,00
B,0,1,9,16,1,00
A,0,1,9,23,8,00
B,0,1,9,23,8,00
A,0,1,9,25,2,00
B,0,1,9,25,2,00
A,0,1,9,43,9,00
B,0,1,9,43,9,00
A,0,1,9,44,7,00
B,0,1,9,44,7,00
A,0,1,9,46,5,00
B,0,1,9,46,5,00
A,0,0,10,1,10,00
B,0,0,10,1,10,00
A,0,0,10,8,2,00
B,0,0,10,8,2,00
A,0,0,10,13,0,00
B,0,0,10,13,0,00
A,0,0,10,18,6,00
B,0,0,10,18,6,00
A,0,0,10,19,4,00
B,0,0,10,19,4,00
A,0,0,10,21,3,00
B,0,0,10,21,3,00
A,0,0,10,32,3,00
B,0,0,10,32,3,00
A,0,0,10,40,5,00
B,0,0,10,40,5,00
A,0,0,10,44,9,00
B,0,0,10,44,9,00
A,0,1,10,2,3,00
B,0,1,10,2,3,00
A,0,1,10,5,6,00
B,0,1,10,5,6,00
A,0,1,10,8,4,00
B,0,1,10,8,4,00
A,0,1,10,11,6,00
B,0,1,10,11,6,00
A,0,1,10,15,1,00
B,0,1,10,15,1,00
A,0,1,10,16,5,00
B,0,1,10,16,5,00
A,0,1,10,20,0,00
B,0,1,10,20,0,00
A,0,1,10,22,5,00
B,0,1,10,22,5,00
A,0,1,10,24,5,00
B,0,1,10,24,5,00
A,0,1,10,26,3,00
B,0,1,10,26,3,00
A,0,1,10,34,3,00
B,0,1,10,34,3,00
A,0,1,10,35,5,00
B,0,1,10,35,5,00
A,0,1,10,41,2,00
B,0,1,10,41,2,00
A,0,0,11,9,8,00
B,0,0,11,9,8,00
A,0,0,11,21,4,00
B,0,0,11,21,4,00
A,0,0,11,23,7,00
B,0,0,11,23,7,00
A,0,0,11,24,10,00
B,0,0,11,24,10,00
A,0,0,11,26,10,00
B,0,0,11,26,10,00
A,0,0,11,30,6,00
B,0,0,11,30,6,00
A,0,0,11,32,6,00
B,0,0,11,32,6,00
A,0,0,11,41,1,00
B,0,0,11,41,1,00
A,0,1,11,0,6,00
B,0,1,11,0,6,00
A,0,1,11,4,1,00
B,0,1,11,4,1,00
A,0,1,11,5,7,00
B,0,1,11,5,7,00
A,0,1,11,6,2,00
B,0,1,11,6,2,00
A,0,1,11,17,6,00
B,0,1,11,17,6,00
A,0,1,11,22,10,00
B,0,1,11,22,10,00
A,0,0,12,1,3,00
B,0,0,12,1,3,00
A,0,0,12,6,6,00
B,0,0,12,6,6,00
A,0,0,12,12,9,00
B,0,0,12,12,9,00
A,0,0,12,19,10,00
B,0,0,12,19,10,00
A,0,0,12,23,9,00
B,0,0,12,23,9,00
A,0,0,12,27,1,00
B,0,0,12,27,1,00
A,0,0,12,28,10,00
B,0,0,12,28,10,00
A,0,0,12,31,2,00
B,0,0,12,31,2,00
A,0,0,12,40,3,00
B,0,0,12,40,3,00
A,0,0,12,44,9,00
B,0,0,12,44,9,00
A,0,1,12,13,5,00
B,0,1,12,13,5,00
A,0,1,12,31,5,00
B,0,1,12,31,5,00
A,0,1,12,33,10,00
B,0,1,12,33,10,00
A,0,1,12,35,7,00
B,0,1,12,35,7,00
A,0,1,12,39,4,00
B,0,1,12,39,4,00
A,0,1,12,46,3,00
B,0,1,12,46,3,00
A,0,0,13,1,4,00
B,0,0,13,1,4,00
A,0,0,13,4,3,00
B,0,0,13,4,3,00
A,0,0,13,19,5,00
B,0,0,13,19,5,00
A,0,0,13,22,0,00
B,0,0,13,22,0,00
A,0,0,13,29,6,00
B,0,0,13,29,6,00
A,0,0,13,35,10,00
B,0,0,13,35,10,00
A,0,0,13,44,7,00
B,0,0,13,44,7,00
A,0,1,13,6,1,00
B,0,1,13,6,1,00
A,0,1,13,7,1,00
B,0,1,13,7,1,00
A,0,1,13,12,6,00
B,0,1,13,12,6,00
A,0,1,13,18,4,00
B,0,1,13,18,4,00
A,0,1,13,19,6,00
B,0,1,13,19,6,00
A,0,1,13,31,2,00
B,0,1,13,31,2,00
A,0,1,13,35,0,00
B,0,1,13,35,0,00
A,0,1,13,37,3,00
B,0,1,13,37,3,00
A,0,1,13,38,0,00
B,0,1,13,38,0,00
A,0,0,14,4,9,00
B,0,0,14,4,9,00
A,0,0,14,5,9,00
B,0,0,14,5,9,00
A,0,0,14,12,0,00
B,0,0,14,12,0,00
A,0,0,14,15,4,00
B,0,0,14,15,4,00
A,0,0,14,19,4,00
B,0,0,14,19,4,00
A,0,0,14,27,10,00
B,0,0,14,27,10,00
A,0,0,14,34,7,00
B,0,0,14,34,7,00
A,0,0,14,38,8,00
B,0,0,14,38,8,00
A,0,0,14,43,5,00
B,0,0,14,43,5,00
A,0,0,14,47,7,00
B,0,0,14,47,7,00
A,0,0,14,48,5,00
B,0,0,14,48,5,00
A,0,1,14,3,8,00
B,0,1,14,3,8,00
A,0,1,14,5,8,00
B,0,1,14,5,8,00
A,0,1,14,9,4,00
B,0,1,14,9,4,00
A,0,1,14,18,4,00
B,0,1,14,18,4,00
A,0,1,14,20,5,00
B,0,1,14,20,5,00
A,0,1,14,25,1,00
B,0,1,14,25,1,00
A,0,1,14,32,0,00
B,0,1,14,32,0,00
A,0,1,14,41,6,00
B,0,1,14,41,6,00
A,0,0,15,2,1,00
B,0,0,15,2,1,00
A,0,0,15,8,4,00
B,0,0,15,8,4,00
A,0,0,15,9,6,00
B,0,0,15,9,6,00
A,0,0,15,12,6,00
B,0,0,15,12,6,00
A,0,0,15,17,3,00
B,0,0,15,17,3,00
A,0,0,15,18,8,00
B,0,0,15,18,8,00
A,0,0,15,33,0,00
B,0,0,15,33,0,00
A,0,0,15,34,8,00
B,0,0,15,34,8,00
A,0,0,15,40,4,00
B,0,0,15,40,4,00
A,0,0,15,49,7,00
B,0,0,15,49,7,00
A,0,1,15,15,5,00
B,0,1,15,15,5,00
A,0,1,15,22,10,00
B,0,1,15,22,10,00
A,0,1,15,23,1,00
B,0,1,15,23,1,00
A,0,1,15,30,6,00
B,0,1,15,30,6,00
A,0,1,15,35,1,00
B,0,1,15,35,1,00
A,0,1,15,39,5,00
B,0,1,15,39,5,00
A,0,1,15,44,4,00
B,0,1,15,44,4,00
A,0,1,15,49,9,00
B,0,1,15,49,9,00
A,0,0,16,13,4,00
B,0,0,16,13,4,00
A,0,0,16,19,9,00
B,0,0,16,19,9,00
A,0,0,16,24,6,00
B,0,0,16,24,6,00
A,0,0,16,26,6,00
B,0,0,16,26,6,00
A,0,0,16,29,2,00
B,0,0,16,29,2,00
A,0,0,16,31,3,00
B,0,0,16,31,3,00
A,0,0,16,37,2,00
B,0,0,16,37,2,00
A,0,1,16,0,10,00
B,0,1,16,0,10,00
A,0,1,16,1,6,00
B,0,1,16,1,6,00
A,0,1,16,5,10,00
B,0,1,16,5,10,00
A,0,1,16,8,3,00
B,0,1,16,8,3,00
A,0,1,16,13,7,00
B,0,1,16,13,7,00
A,0,1,16,25,5,00
B,0,1,16,25,5,00
A,0,1,16,33,2,00
B,0,1,16,33,2,00
A,0,1,16,37,0,00
B,0,1,16,37,0,00
A,0,1,16,41,9,00
B,0,1,16,41,9,00
A,0,0,17,1,8,00
B,0,0,17,1,8,00
A,0,0,17,6,9,00
B,0,0,17,6,9,00
A,0,0,17,9,6,00
B,0,0,17,9,6,00
A,0,0,17,14,8,00
B,0,0,17,14,8,00
A,0,0,17,28,9,00
B,0,0,17,28,9,00
A,0,0,17,30,7,00
B,0,0,17,30,7,00
A,0,0,17,32,4,00
B,0,0,17,32,4,00
A,0,0,17,35,9,00
B,0,0,17,35,9,00
A,0,0,17,39,8,00
B,0,0,17,39,8,00
A,0,0,17,42,7,00
B,0,0,17,42,7,00
A,0,0,17,43,2,00
B,0,0,17,43,2,00
A,0,0,17,46,7,00
B,0,0,17,46,7,00
A,0,0,17,48,7,00
B,0,0,17,48,7,00
A,0,1,17,0,3,00
B,0,1,17,0,3,00
A,0,1,17,2,1,00
B,0,1,17,2,1,00
A,0,1,17,7,7,00
B,0,1,17,7,7,00
A,0,1,17,12,10,00
B,0,1,17,12,10,00
A,0,1,17,13,4,00
B,0,1,17,13,4,00
A,0,1,17,14,7,00
B,0,1,17,14,7,00
A,0,1,17,17,2,00
B,0,1,17,17,2,00
A,0,1,17,20,1,00
B,0,1,17,20,1,00
A,0,1,17,21,0,00
B,0,1,17,21,0,00
A,0,1,17,25,8,00
B,0,1,17,25,8,00
A,0,1,17,27,0,00
B,0,1,17,27,0,00
A,0,1,17,28,2,00
B,0,1,17,28,2,00
A,0,1,17,30,6,00
B,0,1,17,30,6,00
A,0,1,17,37,6,00
B,0,1,17,37,6,00
A,0,0,18,7,9,00
B,0,0,18,7,9,00
A,0,0,18,9,5,00
B,0,0,18,9,5,00
A,0,0,18,10,1,00
B,0,0,18,10,1,00
A,0,0,18,12,6,00
B,0,0,18,12,6,00
A,0,0,18,13,10,00
B,0,0,18,13,10,00
A,0,0,18,27,4,00
B,0,0,18,27,4,00
A,0,0,18,30,8,00
B,0,0,18,30,8,00
A,0,0,18,32,7,00
B,0,0,18,32,7,00
A,0,0,18,33,5,00
B,0,0,18,33,5,00
A,0,0,18,36,9,00
B,0,0,18,36,9,00
A,0,0,18,41,1,00
B,0,0,18,41,1,00
A,0,1,18,17,3,00
B,0,1,18,17,3,00
A,0,1,18,24,10,00
B,0,1,18,24,10,00
A,0,1,18,25,5,00
B,0,1,18,25,5,00
A,0,1,18,31,10,00
B,0,1,18,31,10,00
A,0,1,18,42,7,00
B,0,1,18,42,7,00
A,0,0,19,1,1,00
B,0,0,19,1,1,00
A,0,0,19,7,4,00
B,0,0,19,7,4,00
A,0,0,19,9,2,00
B,0,0,19,9,2,00
A,0,0,19,10,1,00
B,0,0,19,10,1,00
A,0,0,19,20,7,00
B,0,0,19,20,7,00
A,0,0,19,22,4,00
B,0,0,19,22,4,00
A,0,0,19,28,5,00
B,0,0,19,28,5,00
A,0,0,19,31,5,00
B,0,0,19,31,5,00
A,0,0,19,32,8,00
B,0,0,19,32,8,00
A,0,0,19,41,4,00
B,0,0,19,41,4,00
A,0,1,19,0,1,00
B,0,1,19,0,1,00
A,0,1,19,2,7,00
B,0,1,19,2,7,00
A,0,1,19,5,8,00
B,0,1,19,5,8,00
A,0,1,19,6,7,00
B,0,1,19,6,7,00
A,0,1,19,7,8,00
B,0,1,19,7,8,00
A,0,1,19,22,7,00
B,0,1,19,22,7,00
A,0,1,19,31,3,00
B,0,1,19,31,3,00
A,0,1,19,35,0,00
B,0,1,19,35,0,00
A,0,1,19,41,1,00
B,0,1,19,41,1,00
A,0,1,19,44,6,00
B,0,1,19,44,6,00
A,0,1,19,45,8,00
B,0,1,19,45,8,00
A,0,0,20,5,2,00
B,0,0,20,5,2,00
A,0,0,20,21,8,00
B,0,0,20,21,8,00
A,0,0,20,23,6,00
B,0,0,20,23,6,00
A,0,0,20,24,2,00
B,0,0,20,24,2,00
A,0,0,20,32,4,00
B,0,0,20,32,4,00
A,0,1,20,0,4,00
B,0,1,20,0,4,00
A,0,1,20,4,9,00
B,0,1,20,4,9,00
A,0,1,20,5,0,00
B,0,1,20,5,0,00
A,0,1,20,10,5,00
B,0,1,20,10,5,00
A,0,1,20,12,10,00
B,0,1,20,12,10,00
A,0,1,20,14,2,00
B,0,1,20,14,2,00
A,0,1,20,15,7,00
B,0,1,20,15,7,00
A,0,1,20,20,5,00
B,0,1,20,20,5,00
A,0,1,20,21,9,00
B,0,1,20,21,9,00
A,0,1,20,27,4,00
B,0,1,20,27,4,00
A,0,1,20,44,8,00
B,0,1,20,44,8,00
A,0,0,21,1,3,00
B,0,0,21,1,3,00
A,0,0,21,2,6,00
B,0,0,21,2,6,00
A,0,0,21,3,2,00
B,0,0,21,3,2,00
A,0,0,21,5,8,00
B,0,0,21,5,8,00
A,0,0,21,15,2,00
B,0,0,21,15,2,00
A,0,0,21,41,0,00
B,0,0,21,41,0,00
A,0,0,21,44,3,00
B,0,0,21,44,3,00
A,0,0,21,49,3,00
B,0,0,21,49,3,00
A,0,1,21,1,10,00
B,0,1,21,1,10,00
A,0,1,21,3,1,00
B,0,1,21,3,1,00
A,0,1,21,7,2,00
B,0,1,21,7,2,00
A,0,1,21,11,9,00
B,0,1,21,11,9,00
A,0,1,21,12,5,00
B,0,1,21,12,5,00
A,0,1,21,15,5,00
B,0,1,21,15,5,00
A,0,1,21,17,6,00
B,0,1,21,17,6,00
A,0,1,21,18,7,00
B,0,1,21,18,7,00
A,0,1,21,20,2,00
B,0,1,21,20,2,00
A,0,1,21,21,0,00
B,0,1,21,21,0,00
A,0,1,21,29,5,00
B,0,1,21,29,5,00
A,0,1,21,35,4,00
B,0,1,21,35,4,00
A,0,1,21,40,2,00
B,0,1,21,40,2,00
A,0,1,21,49,3,00
B,0,1,21,49,3,00
A,0,0,22,0,2,00
B,0,0,22,0,2,00
A,0,0,22,3,7,00
B,0,0,22,3,7,00
A,0,0,22,14,1,00
B,0,0,22,14,1,00
A,0,0,22,15,8,00
B,0,0,22,15,8,00
A,0,0,22,20,5,00
B,0,0,22,20,5,00
A,0,0,22,24,9,00
B,0,0,22,24,9,00
A,0,0,22,25,5,00
B,0,0,22,25,5,00
A,0,0,22,29,3,00
B,0,0,22,29,3,00
A,0,0,22,33,8,00
B,0,0,22,33,8,00
A,0,0,22,34,3,00
B,0,0,22,34,3,00
A,0,0,22,38,5,00
B,0,0,22,38,5,00
A,0,0,22,44,6,00
B,0,0,22,44,6,00
A,0,0,22,48,4,00
B,0,0,22,48,4,00
A,0,1,22,5,2,00
B,0,1,22,5,2,00
A,0,1,22,9,6,00
B,0,1,22,9,6,00
A,0,1,22,14,4,00
B,0,1,22,14,4,00
A,0,1,22,16,9,00
B,0,1,22,16,9,00
A,0,1,22,17,9,00
B,0,1,22,17,9,00
A,0,1,22,18,5,00
B,0,1,22,18,5,00
A,0,1,22,19,6,00
B,0,1,22,19,6,00
A,0,1,22,20,2,00
B,0,1,22,20,2,00
A,0,1,22,22,0,00
B,0,1,22,22,0,00
A,0,1,22,25,1,00
B,0,1,22,25,1,00
A,0,1,22,37,3,00
B,0,1,22,37,3,00
A,0,1,22,42,4,00
B,0,1,22,42,4,00
A,0,1,22,46,5,00
B,0,1,22,46,5,00
A,0,0,23,0,1,00
B,0,0,23,0,1,00
A,0,0,23,2,2,00
B,0,0,23,2,2,00
A,0,0,23,5,1,00
B,0,0,23,5,1,00
A,0,0,23,10,5,00
B,0,0,23,10,5,00
A,0,0,23,13,3,00
B,0,0,23,13,3,00
A,0,0,23,20,5,00
B,0,0,23,20,5,00
A,0,0,23,30,3,00
B,0,0,23,30,3,00
A,0,0,23,34,2,00
B,0,0,23,34,2,00
A,0,0,23,35,6,00
B,0,0,23,35,6,00
A,0,0,23,38,9,00
B,0,0,23,38,9,00
A,0,0,23,40,4,00
B,0,0,23,40,4,00
A,0,0,23,45,1,00
B,0,0,23,45,1,00
A,0,1,23,4,5,00
B,0,1,23,4,5,00
A,0,1,23,7,7,00
B,0,1,23,7,7,00
A,0,1,23,8,9,00
B,0,1,23,8,9,00
A,0,1,23,11,7,00
B,0,1,23,11,7,00
A,0,1,23,14,0,00
B,0,1,23,14,0,00
A,0,1,23,24,10,00
B,0,1,23,24,10,00
A,0,1,23,32,8,00
B,0,1,23,32,8,00
A,0,1,23,47,5,00
B,0,1,23,47,5,00
A,0,0,24,5,8,00
B,0,0,24,5,8,00
A,0,0,24,6,6,00
B,0,0,24,6,6,00
A,0,0,24,9,1,00
B,0,0,24,9,1,00
A,0,0,24,13,1,00
B,0,0,24,13,1,00
A,0,0,24,14,9,00
B,0,0,24,14,9,00
A,0,0,24,16,3,00
B,0,0,24,16,3,00
A,0,0,24,18,7,00
B,0,0,24,18,7,00
A,0,0,24,24,6,00
B,0,0,24,24,6,00
A,0,0,24,48,2,00
B,0,0,24,48,2,00
A,0,1,24,0,5,00
B,0,1,24,0,5,00
A,0,1,24,1,6,00
B,0,1,24,1,6,00
A,0,1,24,3,10,00
B,0,1,24,3,10,00
A,0,1,24,15,2,00
B,0,1,24,15,2,00
A,0,1,24,16,3,00
B,0,1,24,16,3,00
A,0,1,24,22,9,00
B,0,1,24,22,9,00
A,0,1,24,31,6,00
B,0,1,24,31,6,00
A,0,1,24,33,2,00
B,0,1,24,33,2,00
A,0,0,25,0,2,00
B,0,0,25,0,2,00
A,0,0,25,3,2,00
B,0,0,25,3,2,00
A,0,0,25,8,9,00
B,0,0,25,8,9,00
A,0,0,25,11,0,00
B,0,0,25,11,0,00
A,0,0,25,12,8,00
B,0,0,25,12,8,00
A,0,0,25,13,2,00
B,0,0,25,13,2,00
A,0,0,25,18,2,00
B,0,0,25,18,2,00
A,0,0,25,19,5,00
B,0,0,25,19,5,00
A,0,0,25,21,9,00
B,0,0,25,21,9,00
A,0,0,25,38,0,00
B,0,0,25,38,0,00
A,0,0,25,43,0,00
B,0,0,25,43,0,00
A,0,0,25,45,10,00
B,0,0,25,45,10,00
A,0,1,25,3,9,00
B,0,1,25,3,9,00
A,0,1,25,5,6,00
B,0,1,25,5,6,00
A,0,1,25,6,6,00
B,0,1,25,6,6,00
A,0,1,25,11,3,00
B,0,1,25,11,3,00
A,0,1,25,18,10,00
B,0,1,25,18,10,00
A,0,1,25,24,9,00
B,0,1,25,24,9,00
A,0,1,25,25,9,00
B,0,1,25,25,9,00
A,0,1,25,29,8,00
B,0,1,25,29,8,00
A,0,1,25,34,1,00
B,0,1,25,34,1,00
A,0,1,25,45,0,00
B,0,1,25,45,0,00
A,0,0,26,11,7,00
B,0,0,26,11,7,00
A,0,0,26,17,6,00
B,0,0,26,17,6,00
A,0,0,26,21,5,00
B,0,0,26,21,5,00
A,0,0,26,22,6,00
B,0,0,26,22,6,00
A,0,0,26,29,9,00
B,0,0,26,29,9,00
A,0,0,26,32,7,00
B,0,0,26,32,7,00
A,0,0,26,36,0,00
B,0,0,26,36,0,00
A,0,0,26,37,0,00
B,0,0,26,37,0,00
A,0,0,26,39,0,00
B,0,0,26,39,0,00
A,0,0,26,45,5,00
B,0,0,26,45,5,00
A,0,1,26,4,7,00
B,0,1,26,4,7,00
A,0,1,26,5,6,00
B,0,1,26,5,6,00
A,0,1,26,7,6,00
B,0,1,26,7,6,00
A,0,1,26,15,6,00
B,0,1,26,15,6,00
A,0,1,26,16,8,00
B,0,1,26,16,8,00
A,0,1,26,17,8,00
B,0,1,26,17,8,00
A,0,1,26,18,8,00
B,0,1,26,18,8,00
A,0,1,26,30,3,00
B,0,1,26,30,3,00
A,0,1,26,44,4,00
B,0,1,26,44,4,00
A,0,0,27,6,2,00
B,0,0,27,6,2,00
A,0,0,27,7,6,00
B,0,0,27,7,6,00
A,0,0,27,8,6,00
B,0,0,27,8,6,00
A,0,0,27,13,9,00
B,0,0,27,13,9,00
A,0,0,27,24,3,00
B,0,0,27,24,3,00
A,0,0,27,38,7,00
B,0,0,27,38,7,00
A,0,0,27,42,9,00
B,0,0,27,42,9,00
A,0,0,27,46,10,00
B,0,0,27,46,10,00
A,0,0,27,49,7,00
B,0,0,27,49,7,00
A,0,1,27,4,7,00
B,0,1,27,4,7,00
A,0,1,27,7,3,00
B,0,1,27,7,3,00
A,0,1,27,10,9,00
B,0,1,27,10,9,00
A,0,1,27,12,6,00
B,0,1,27,12,6,00
A,0,1,27,15,2,00
B,0,1,27,15,2,00
A,0,1,27,16,2,00
B,0,1,27,16,2,00
A,0,1,27,18,9,00
B,0,1,27,18,9,00
A,0,1,27,26,8,00
B,0,1,27,26,8,00
A,0,1,27,30,3,00
B,0,1,27,30,3,00
A,0,1,27,37,9,00
B,0,1,27,37,9,00
A,0,0,28,0,10,00
B,0,0,28,0,10,00
A,0,0,28,1,4,00
B,0,0,28,1,4,00
A,0,0,28,3,7,00
B,0,0,28,3,7,00
A,0,0,28,7,3,00
B,0,0,28,7,3,00
A,0,0,28,9,3,00
B,0,0,28,9,3,00
A,0,0,28,15,7,00
B,0,0,28,15,7,00
A,0,0,28,18,4,00
B,0,0,28,18,4,00
A,0,0,28,20,6,00
B,0,0,28,20,6,00
A,0,0,28,23,1,00
B,0,0,28,23,1,00
A,0,0,28,28,9,00
B,0,0,28,28,9,00
A,0,0,28,31,2,00
B,0,0,28,31,2,00
A,0,0,28,34,8,00
B,0,0,28,34,8,00
A,0,0,28,36,7,00
B,0,0,28,36,7,00
A,0,0,28,40,7,00
B,0,0,28,40,7,00
A,0,0,28,44,1,00
B,0,0,28,44,1,00
A,0,0,28,49,4,00
B,0,0,28,49,4,00
A,0,1,28,2,2,00
B,0,1,28,2,2,00
A,0,1,28,7,7,00
B,0,1,28,7,7,00
A,0,1,28,13,7,00
B,0,1,28,13,7,00
A,0,1,28,22,5,00
B,0,1,28,22,5,00
A,0,1,28,28,3,00
B,0,1,28,28,3,00
A,0,1,28,31,1,00
B,0,1,28,31,1,00
A,0,1,28,41,5,00
B,0,1,28,41,5,00
A,0,0,29,15,6,00
B,0,0,29,15,6,00
A,0,0,29,16,10,00
B,0,0,29,16,10,00
A,0,0,29,17,4,00
B,0,0,29,17,4,00
A,0,0,29,21,5,00
B,0,0,29,21,5,00
A,0,0,29,23,7,00
B,0,0,29,23,7,00
A,0,0,29,24,8,00
B,0,0,29,24,8,00
A,0,0,29,28,3,00
B,0,0,29,28,3,00
A,0,0,29,30,7,00
B,0,0,29,30,7,00
A,0,0,29,31,1,00
B,0,0,29,31,1,00
A,0,0,29,33,8,00
B,0,0,29,33,8,00
A,0,0,29,36,9,00
B,0,0,29,36,9,00
A,0,0,29,43,7,00
B,0,0,29,43,7,00
A,0,0,29,45,10,00
B,0,0,29,45,10,00
A,0,1,29,0,4,00
B,0,1,29,0,4,00
A,0,1,29,13,8,00
B,0,1,29,13,8,00
A,0,1,29,19,10,00
B,0,1,29,19,10,00
A,0,1,29,20,7,00
B,0,1,29,20,7,00
A,0,1,29,21,10,00
B,0,1,29,21,10,00
A,0,1,29,22,4,00
B,0,1,29,22,4,00
A,0,1,29,24,10,00
B,0,1,29,24,10,00
A,0,1,29,31,2,00
B,0,1,29,31,2,00
A,0,1,29,32,3,00
B,0,1,29,32,3,00
A,0,1,29,37,1,00
B,0,1,29,37,1,00
A,0,1,29,39,0,00
B,0,1,29,39,0,00
A,0,1,29,43,3,00
B,0,1,29,43,3,00
A,0,1,29,46,1,00
B,0,1,29,46,1,00
A,0,0,30,2,1,00
B,0,0,30,2,1,00
A,0,0,30,4,3,00
B,0,0,30,4,3,00
A,0,0,30,6,9,00
B,0,0,30,6,9,00
A,0,0,30,10,8,00
B,0,0,30,10,8,00
A,0,0,30,12,4,00
B,0,0,30,12,4,00
A,0,0,30,20,5,00
B,0,0,30,20,5,00
A,0,0,30,23,4,00
B,0,0,30,23,4,00
A,0,0,30,30,5,00
B,0,0,30,30,5,00
A,0,0,30,37,8,00
B,0,0,30,37,8,00
A,0,0,30,43,5,00
B,0,0,30,43,5,00
A,0,0,30,46,6,00
B,0,0,30,46,6,00
A,0,1,30,0,5,00
B,0,1,30,0,5,00
A,0,1,30,1,2,00
B,0,1,30,1,2,00
A,0,1,30,3,0,00
B,0,1,30,3,0,00
A,0,1,30,6,9,00
B,0,1,30,6,9,00
A,0,1,30,13,5,00
B,0,1,30,13,5,00
A,0,1,30,16,1,00
B,0,1,30,16,1,00
A,0,1,30,25,8,00
B,0,1,30,25,8,00
A,0,1,30,27,4,00
B,0,1,30,27,4,00
A,0,1,30,31,2,00
B,0,1,30,31,2,00
A,0,1,30,43,6,00
B,0,1,30,43,6,00
A,0,0,31,8,4,00
B,0,0,31,8,4,00
A,0,0,31,13,6,00
B,0,0,31,13,6,00
A,0,0,31,15,5,00
B,0,0,31,15,5,00
A,0,0,31,28,4,00
B,0,0,31,28,4,00
A,0,0,31,32,7,00
B,0,0,31,32,7,00
A,0,0,31,37,2,00
B,0,0,31,37,2,00
A,0,0,31,42,7,00
B,0,0,31,42,7,00
A,0,0,31,48,4,00
B,0,0,31,48,4,00
A,0,0,31,49,1,00
B,0,0,31,49,1,00
A,0,1,31,1,8,00
B,0,1,31,1,8,00
A,0,1,31,7,1,00
B,0,1,31,7,1,00
A,0,1,31,22,9,00
B,0,1,31,22,9,00
A,0,1,31,26,7,00
B,0,1,31,26,7,00
A,0,1,31,32,1,00
B,0,1,31,32,1,00
A,0,1,31,34,10,00
B,0,1,31,34,10,00
A,0,1,31,36,7,00
B,0,1,31,36,7,00
A,0,1,31,40,3,00
B,0,1,31,40,3,00
A,0,1,31,44,5,00
B,0,1,31,44,5,00
A,0,1,31,48,7,00
B,0,1,31,48,7,00
A,0,0,32,7,1,00
B,0,0,32,7,1,00
A,0,0,32,21,10,00
B,0,0,32,21,10,00
A,0,0,32,22,2,00
B,0,0,32,22,2,00
A,0,0,32,34,2,00
B,0,0,32,34,2,00
A,0,0,32,36,0,00
B,0,0,32,36,0,00
A,0,0,32,37,10,00
B,0,0,32,37,10,00
A,0,0,32,41,8,00
B,0,0,32,41,8,00
A,0,0,32,46,5,00
B,0,0,32,46,5,00
A,0,1,32,2,7,00
B,0,1,32,2,7,00
A,0,1,32,10,4,00
B,0,1,32,10,4,00
A,0,1,32,11,5,00
B,0,1,32,11,5,00
A,0,1,32,17,4,00
B,0,1,32,17,4,00
A,0,1,32,19,9,00
B,0,1,32,19,9,00
A,0,1,32,20,5,00
B,0,1,32,20,5,00
A,0,1,32,22,1,00
B,0,1,32,22,1,00
A,0,1,32,33,10,00
B,0,1,32,33,10,00
A,0,1,32,38,6,00
B,0,1,32,38,6,00
A,0,1,32,39,8,00
B,0,1,32,39,8,00
A,0,1,32,45,3,00
B,0,1,32,45,3,00
A,0,0,33,1,4,00
B,0,0,33,1,4,00
A,0,0,33,3,10,00
B,0,0,33,3,10,00
A,0,0,33,5,1,00
B,0,0,33,5,1,00
A,0,0,33,16,4,00
B,0,0,33,16,4,00
A,0,0,33,17,0,00
B,0,0,33,17,0,00
A,0,0,33,25,3,00
B,0,0,33,25,3,00
A,0,0,33,26,2,00
B,0,0,33,26,2,00
A,0,0,33,27,5,00
B,0,0,33,27,5,00
A,0,0,33,30,6,00
B,0,0,33,30,6,00
A,0,0,33,33,0,00
B,0,0,33,33,0,00
A,0,1,33,0,9,00
B,0,1,33,0,9,00
A,0,1,33,2,5,00
B,0,1,33,2,5,00
A,0,1,33,3,2,00
B,0,1,33,3,2,00
A,0,1,33,6,1,00
B,0,1,33,6,1,00
A,0,1,33,13,5,00
B,0,1,33,13,5,00
A,0,1,33,16,5,00
B,0,1,33,16,5,00
A,0,1,33,26,8,00
B,0,1,33,26,8,00
A,0,1,33,28,5,00
B,0,1,33,28,5,00
A,0,1,33,30,5,00
B,0,1,33,30,5,00
A,0,1,33,31,3,00
B,0,1,33,31,3,00
A,0,1,33,33,9,00
B,0,1,33,33,9,00
A,0,1,33,40,2,00
B,0,1,33,40,2,00
A,0,1,33,41,5,00
B,0,1,33,41,5,00
A,0,0,34,1,0,00
B,0,0,34,1,0,00
A,0,0,34,6,2,00
B,0,0,34,6,2,00
A,0,0,34,8,7,00
B,0,0,34,8,7,00
A,0,0,34,13,9,00
B,0,0,34,13,9,00
A,0,0,34,17,2,00
B,0,0,34,17,2,00
A,0,0,34,32,9,00
B,0,0,34,32,9,00
A,0,0,34,34,6,00
B,0,0,34,34,6,00
A,0,0,34,42,1,00
B,0,0,34,42,1,00
A,0,1,34,3,9,00
B,0,1,34,3,9,00
A,0,1,34,6,0,00
B,0,1,34,6,0,00
A,0,1,34,10,7,00
B,0,1,34,10,7,00
A,0,1,34,32,9,00
B,0,1,34,32,9,00
A,0,0,35,1,5,00
B,0,0,35,1,5,00
A,0,0,35,8,9,00
B,0,0,35,8,9,00
A,0,0,35,15,2,00
B,0,0,35,15,2,00
A,0,0,35,31,7,00
B,0,0,35,31,7,00
A,0,0,35,43,4,00
B,0,0,35,43,4,00
A,0,0,35,46,3,00
B,0,0,35,46,3,00
A,0,1,35,1,8,00
B,0,1,35,1,8,00
A,0,1,35,2,7,00
B,0,1,35,2,7,00
A,0,1,35,3,1,00
B,0,1,35,3,1,00
A,0,1,35,7,5,00
B,0,1,35,7,5,00
A,0,1,35,12,4,00
B,0,1,35,12,4,00
A,0,1,35,18,3,00
B,0,1,35,18,3,00
A,0,1,35,19,6,00
B,0,1,35,19,6,00
A,0,1,35,22,0,00
B,0,1,35,22,0,00
A,0,1,35,26,8,00
B,0,1,35,26,8,00
A,0,1,35,29,7,00
B,0,1,35,29,7,00
A,0,1,35,37,2,00
B,0,1,35,37,2,00
A,0,1,35,38,9,00
B,0,1,35,38,9,00
A,0,1,35,44,9,00
B,0,1,35,44,9,00
A,0,0,36,4,7,00
B,0,0,36,4,7,00
A,0,0,36,20,2,00
B,0,0,36,20,2,00
A,0,0,36,25,2,00
B,0,0,36,25,2,00
A,0,0,36,36,7,00
B,0,0,36,36,7,00
A,0,0,36,41,7,00
B,0,0,36,41,7,00
A,0,0,36,48,1,00
B,0,0,36,48,1,00
A,0,1,36,5,5,00
B,0,1,36,5,5,00
A,0,1,36,8,1,00
B,0,1,36,8,1,00
A,0,1,36,15,5,00
B,0,1,36,15,5,00
A,0,1,36,23,9,00
B,0,1,36,23,9,00
A,0,1,36,25,1,00
B,0,1,36,25,1,00
A,0,1,36,26,2,00
B,0,1,36,26,2,00
A,0,1,36,28,9,00
B,0,1,36,28,9,00
A,0,1,36,33,3,00
B,0,1,36,33,3,00
A,0,1,36,36,9,00
B,0,1,36,36,9,00
A,0,1,36,47,3,00
B,0,1,36,47,3,00
A,0,0,37,3,0,00
B,0,0,37,3,0,00
A,0,0,37,5,3,00
B,0,0,37,5,3,00
A,0,0,37,8,9,00
B,0,0,37,8,9,00
A,0,0,37,11,2,00
B,0,0,37,11,2,00
A,0,0,37,14,5,00
B,0,0,37,14,5,00
A,0,0,37,20,2,00
B,0,0,37,20,2,00
A,0,0,37,23,2,00
B,0,0,37,23,2,00
A,0,0,37,26,8,00
B,0,0,37,26,8,00
A,0,0,37,31,10,00
B,0,0,37,31,10,00
A,0,0,37,36,7,00
B,0,0,37,36,7,00
A,0,0,37,37,0,00
B,0,0,37,37,0,00
A,0,0,37,41,7,00
B,0,0,37,41,7,00
A,0,0,37,49,3,00
B,0,0,37,49,3,00
A,0,1,37,7,5,00
B,0,1,37,7,5,00
A,0,1,37,17,5,00
B,0,1,37,17,5,00
A,0,1,37,20,3,00
B,0,1,37,20,3,00
A,0,1,37,24,9,00
B,0,1,37,24,9,00
A,0,1,37,25,3,00
B,0,1,37,25,3,00
A,0,1,37,28,8,00
B,0,1,37,28,8,00
A,0,1,37,29,5,00
B,0,1,37,29,5,00
A,0,1,37,39,1,00
B,0,1,37,39,1,00
A,0,1,37,43,6,00
B,0,1,37,43,6,00
A,0,1,37,45,1,00
B,0,1,37,45,1,00
A,0,0,38,7,2,00
B,0,0,38,7,2,00
A,0,0,38,16,5,00
B,0,0,38,16,5,00
A,0,0,38,17,5,00
B,0,0,38,17,5,00
A,0,0,38,21,2,00
B,0,0,38,21,2,00
A,0,0,38,23,6,00
B,0,0,38,23,6,00
A,0,0,38,33,7,00
B,0,0,38,33,7,00
A,0,0,38,37,1,00
B,0,0,38,37,1,00
A,0,0,38,41,10,00
B,0,0,38,41,10,00
A,0,0,38,46,9,00
B,0,0,38,46,9,00
A,0,0,38,49,1,00
B,0,0,38,49,1,00
A,0,1,38,0,1,00
B,0,1,38,0,1,00
A,0,1,38,1,1,00
B,0,1,38,1,1,00
A,0,1,38,9,3,00
B,0,1,38,9,3,00
A,0,1,38,16,4,00
B,0,1,38,16,4,00
A,0,1,38,22,1,00
B,0,1,38,22,1,00
A,0,1,38,26,5,00
B,0,1,38,26,5,00
A,0,1,38,32,3,00
B,0,1,38,32,3,00
A,0,1,38,44,9,00
B,0,1,38,44,9,00
A,0,1,38,45,3,00
B,0,1,38,45,3,00
A,0,1,38,49,8,00
B,0,1,38,49,8,00
A,0,0,39,11,9,00
B,0,0,39,11,9,00
A,0,0,39,15,1,00
B,0,0,39,15,1,00
A,0,0,39,17,9,00
B,0,0,39,17,9,00
A,0,0,39,46,4,00
B,0,0,39,46,4,00
A,0,1,39,1,2,00
B,0,1,39,1,2,00
A,0,1,39,2,8,00
B,0,1,39,2,8,00
A,0,1,39,9,2,00
B,0,1,39,9,2,00
A,0,1,39,11,3,00
B,0,1,39,11,3,00
A,0,1,39,23,9,00
B,0,1,39,23,9,00
A,0,1,39,37,3,00
B,0,1,39,37,3,00
A,0,0,40,1,7,00
B,0,0,40,1,7,00
A,0,0,40,3,7,00
B,0,0,40,3,7,00
A,0,0,40,13,1,00
B,0,0,40,13,1,00
A,0,0,40,15,3,00
B,0,0,40,15,3,00
A,0,0,40,18,6,00
B,0,0,40,18,6,00
A,0,0,40,22,2,00
B,0,0,40,22,2,00
A,0,0,40,28,6,00
B,0,0,40,28,6,00
A,0,0,40,29,9,00
B,0,0,40,29,9,00
A,0,0,40,35,2,00
B,0,0,40,35,2,00
A,0,0,40,44,2,00
B,0,0,40,44,2,00
A,0,0,40,45,8,00
B,0,0,40,45,8,00
A,0,0,40,49,6,00
B,0,0,40,49,6,00
A,0,1,40,5,0,00
B,0,1,40,5,0,00
A,0,1,40,9,5,00
B,0,1,40,9,5,00
A,0,1,40,14,7,00
B,0,1,40,14,7,00
A,0,1,40,31,8,00
B,0,1,40,31,8,00
A,0,1,40,46,3,00
B,0,1,40,46,3,00
A,0,0,41,5,9,00
B,0,0,41,5,9,00
A,0,0,41,6,1,00
B,0,0,41,6,1,00
A,0,0,41,10,0,00
B,0,0,41,10,0,00
A,0,0,41,11,9,00
B,0,0,41,11,9,00
A,0,0,41,13,10,00
B,0,0,41,13,10,00
A,0,0,41,14,0,00
B,0,0,41,14,0,00
A,0,0,41,17,10,00
B,0,0,41,17,10,00
A,0,0,41,19,3,00
B,0,0,41,19,3,00
A,0,0,41,23,2,00
B,0,0,41,23,2,00
A,0,0,41,26,9,00
B,0,0,41,26,9,00
A,0,0,41,31,3,00
B,0,0,41,31,3,00
A,0,0,41,39,9,00
B,0,0,41,39,9,00
A,0,0,41,42,2,00
B,0,0,41,42,2,00
A,0,0,41,45,10,00
B,0,0,41,45,10,00
A,0,1,41,6,9,00
B,0,1,41,6,9,00
A,0,1,41,16,1,00
B,0,1,41,16,1,00
A,0,1,41,17,4,00
B,0,1,41,17,4,00
A,0,1,41,21,2,00
B,0,1,41,21,2,00
A,0,1,41,26,6,00
B,0,1,41,26,6,00
A,0,1,41,28,6,00
B,0,1,41,28,6,00
A,0,1,41,31,8,00
B,0,1,41,31,8,00
A,0,1,41,35,5,00
B,0,1,41,35,5,00
A,0,1,41,36,4,00
B,0,1,41,36,4,00
A,0,1,41,39,9,00
B,0,1,41,39,9,00
A,0,1,41,40,8,00
B,0,1,41,40,8,00
A,0,1,41,41,1,00
B,0,1,41,41,1,00
A,0,1,41,43,6,00
B,0,1,41,43,6,00
A,0,1,41,45,3,00
B,0,1,41,45,3,00
A,0,1,41,46,9,00
B,0,1,41,46,9,00
A,0,1,41,49,9,00
B,0,1,41,49,9,00
A,0,0,42,0,5,00
B,0,0,42,0,5,00
A,0,0,42,12,3,00
B,0,0,42,12,3,00
A,0,0,42,14,7,00
B,0,0,42,14,7,00
A,0,0,42,15,6,00
B,0,0,42,15,6,00
A,0,0,42,19,4,00
B,0,0,42,19,4,00
A,0,0,42,27,1,00
B,0,0,42,27,1,00
A,0,0,42,34,2,00
B,0,0,42,34,2,00
A,0,0,42,41,2,00
B,0,0,42,41,2,00
A,0,0,42,47,4,00
B,0,0,42,47,4,00
A,0,1,42,11,9,00
B,0,1,42,11,9,00
A,0,1,42,13,4,00
B,0,1,42,13,4,00
A,0,1,42,25,7,00
B,0,1,42,25,7,00
A,0,1,42,26,2,00
B,0,1,42,26,2,00
A,0,1,42,36,8,00
B,0,1,42,36,8,00
A,0,1,42,40,1,00
B,0,1,42,40,1,00
A,0,1,42,47,4,00
B,0,1,42,47,4,00
A,0,0,43,9,9,00
B,0,0,43,9,9,00
A,0,0,43,11,6,00
B,0,0,43,11,6,00
A,0,0,43,15,7,00
B,0,0,43,15,7,00
A,0,0,43,19,6,00
B,0,0,43,19,6,00
A,0,0,43,22,8,00
B,0,0,43,22,8,00
A,0,0,43,25,1,00
B,0,0,43,25,1,00
A,0,0,43,27,3,00
B,0,0,43,27,3,00
A,0,0,43,32,1,00
B,0,0,43,32,1,00
A,0,0,43,33,3,00
B,0,0,43,33,3,00
A,0,0,43,41,5,00
B,0,0,43,41,5,00
A,0,0,43,46,7,00
B,0,0,43,46,7,00
A,0,1,43,6,8,00
B,0,1,43,6,8,00
A,0,1,43,11,5,00
B,0,1,43,11,5,00
A,0,1,43,19,2,00
B,0,1,43,19,2,00
A,0,1,43,20,2,00
B,0,1,43,20,2,00
A,0,1,43,26,2,00
B,0,1,43,26,2,00
A,0,1,43,34,4,00
B,0,1,43,34,4,00
A,0,1,43,36,2,00
B,0,1,43,36,2,00
A,0,1,43,49,8,00
B,0,1,43,49,8,00
A,0,0,44,0,2,00
B,0,0,44,0,2,00
A,0,0,44,5,9,00
B,0,0,44,5,9,00
A,0,0,44,8,4,00
B,0,0,44,8,4,00
A,0,0,44,12,9,00
B,0,0,44,12,9,00
A,0,0,44,19,2,00
B,0,0,44,19,2,00
A,0,0,44,22,2,00
B,0,0,44,22,2,00
A,0,0,44,26,1,00
B,0,0,44,26,1,00
A,0,0,44,29,5,00
B,0,0,44,29,5,00
A,0,0,44,30,1,00
B,0,0,44,30,1,00
A,0,0,44,32,8,00
B,0,0,44,32,8,00
A,0,0,44,34,8,00
B,0,0,44,34,8,00
A,0,0,44,39,7,00
B,0,0,44,39,7,00
A,0,0,44,41,1,00
B,0,0,44,41,1,00
A,0,0,44,43,3,00
B,0,0,44,43,3,00
A,0,1,44,1,4,00
B,0,1,44,1,4,00
A,0,1,44,3,5,00
B,0,1,44,3,5,00
A,0,1,44,5,4,00
B,0,1,44,5,4,00
A,0,1,44,10,4,00
B,0,1,44,10,4,00
A,0,1,44,14,7,00
B,0,1,44,14,7,00
A,0,1,44,22,7,00
B,0,1,44,22,7,00
A,0,1,44,24,2,00
B,0,1,44,24,2,00
A,0,1,44,25,1,00
B,0,1,44,25,1,00
A,0,1,44,27,5,00
B,0,1,44,27,5,00
A,0,1,44,39,4,00
B,0,1,44,39,4,00
A,0,1,44,42,10,00
B,0,1,44,42,10,00
A,0,1,44,48,9,00
B,0,1,44,48,9,00
A,0,0,45,1,4,00
B,0,0,45,1,4,00
A,0,0,45,27,7,00
B,0,0,45,27,7,00
A,0,0,45,39,5,00
B,0,0,45,39,5,00
A,0,0,45,44,7,00
B,0,0,45,44,7,00
A,0,0,45,45,10,00
B,0,0,45,45,10,00
A,0,1,45,1,10,00
B,0,1,45,1,10,00
A,0,1,45,2,5,00
B,0,1,45,2,5,00
A,0,1,45,6,9,00
B,0,1,45,6,9,00
A,0,1,45,8,3,00
B,0,1,45,8,3,00
A,0,1,45,17,0,00
B,0,1,45,17,0,00
A,0,1,45,21,7,00
B,0,1,45,21,7,00
A,0,1,45,25,4,00
B,0,1,45,25,4,00
A,0,1,45,44,7,00
B,0,1,45,44,7,00
A,0,1,45,48,2,00
B,0,1,45,48,2,00
A,0,0,46,0,4,00
B,0,0,46,0,4,00
A,0,0,46,1,1,00
B,0,0,46,1,1,00
A,0,0,46,7,7,00
B,0,0,46,7,7,00
A,0,0,46,11,5,00
B,0,0,46,11,5,00
A,0,0,46,12,10,00
B,0,0,46,12,10,00
A,0,0,46,13,7,00
B,0,0,46,13,7,00
A,0,0,46,20,8,00
B,0,0,46,20,8,00
A,0,0,46,23,2,00
B,0,0,46,23,2,00
A,0,0,46,26,7,00
B,0,0,46,26,7,00
A,0,0,46,38,1,00
B,0,0,46,38,1,00
A,0,0,46,40,6,00
B,0,0,46,40,6,00
A,0,0,46,48,9,00
B,0,0,46,48,9,00
A,0,1,46,6,4,00
B,0,1,46,6,4,00
A,0,1,46,9,7,00
B,0,1,46,9,7,00
A,0,1,46,14,2,00
B,0,1,46,14,2,00
A,0,1,46,24,3,00
B,0,1,46,24,3,00
A,0,1,46,34,6,00
B,0,1,46,34,6,00
A,0,1,46,36,2,00
B,0,1,46,36,2,00
A,0,1,46,41,2,00
B,0,1,46,41,2,00
A,0,1,46,46,5,00
B,0,1,46,46,5,00
A,0,0,47,6,7,00
B,0,0,47,6,7,00
A,0,0,47,14,3,00
B,0,0,47,14,3,00
A,0,0,47,15,7,00
B,0,0,47,15,7,00
A,0,0,47,23,9,00
B,0,0,47,23,9,00
A,0,0,47,26,6,00
B,0,0,47,26,6,00
A,0,0,47,29,10,00
B,0,0,47,29,10,00
A,0,0,47,30,4,00
B,0,0,47,30,4,00
A,0,0,47,36,2,00
B,0,0,47,36,2,00
A,0,0,47,40,9,00
B,0,0,47,40,9,00
A,0,0,47,42,6,00
B,0,0,47,42,6,00
A,0,0,47,44,9,00
B,0,0,47,44,9,00
A,0,0,47,46,9,00
B,0,0,47,46,9,00
A,0,1,47,1,2,00
B,0,1,47,1,2,00
A,0,1,47,11,4,00
B,0,1,47,11,4,00
A,0,1,47,19,8,00
B,0,1,47,19,8,00
A,0,1,47,20,9,00
B,0,1,47,20,9,00
A,0,1,47,24,1,00
B,0,1,47,24,1,00
A,0,1,47,29,10,00
B,0,1,47,29,10,00
A,0,1,47,34,5,00
B,0,1,47,34,5,00
A,0,1,47,36,10,00
B,0,1,47,36,10,00
A,0,1,47,37,8,00
B,0,1,47,37,8,00
A,0,1,47,47,3,00
B,0,1,47,47,3,00
A,0,0,48,7,0,00
B,0,0,48,7,0,00
A,0,0,48,29,0,00
B,0,0,48,29,0,00
A,0,0,48,32,4,00
B,0,0,48,32,4,00
A,0,0,48,35,4,00
B,0,0,48,35,4,00
A,0,0,48,36,2,00
B,0,0,48,36,2,00
A,0,0,48,40,8,00
B,0,0,48,40,8,00
A,0,0,48,47,0,00
B,0,0,48,47,0,00
A,0,1,48,8,9,00
B,0,1,48,8,9,00
A,0,1,48,12,3,00
B,0,1,48,12,3,00
A,0,1,48,15,6,00
B,0,1,48,15,6,00
A,0,1,48,22,6,00
B,0,1,48,22,6,00
A,0,1,48,23,9,00
B,0,1,48,23,9,00
A,0,1,48,25,2,00
B,0,1,48,25,2,00
A,0,1,48,30,4,00
B,0,1,48,30,4,00
A,0,1,48,31,3,00
B,0,1,48,31,3,00
A,0,1,48,34,1,00
B,0,1,48,34,1,00
A,0,1,48,35,7,00
B,0,1,48,35,7,00
A,0,1,48,36,8,00
B,0,1,48,36,8,00
A,0,1,48,38,6,00
B,0,1,48,38,6,00
A,0,1,48,39,7,00
B,0,1,48,39,7,00
A,0,1,48,44,8,00
B,0,1,48,44,8,00
A,0,1,48,48,8,00
B,0,1,48,48,8,00
A,0,1,48,49,7,00
B,0,1,48,49,7,00
A,0,0,49,5,2,00
B,0,0,49,5,2,00
A,0,0,49,13,4,00
B,0,0,49,13,4,00
A,0,0,49,17,4,00
B,0,0,49,17,4,00
A,0,0,49,18,8,00
B,0,0,49,18,8,00
A,0,0,49,29,4,00
B,0,0,49,29,4,00
A,0,0,49,39,8,00
B,0,0,49,39,8,00
A,0,0,49,40,4,00
B,0,0,49,40,4,00
A,0,0,49,43,9,00
B,0,0,49,43,9,00
A,0,0,49,45,7,00
B,0,0,49,45,7,00
A,0,1,49,3,7,00
B,0,1,49,3,7,00
A,0,1,49,10,7,00
B,0,1,49,10,7,00
A,0,1,49,11,5,00
B,0,1,49,11,5,00
A,0,1,49,12,9,00
B,0,1,49,12,9,00
A,0,1,49,33,3,00
B,0,1,49,33,3,00
A,0,1,49,34,9,00
B,0,1,49,34,9,00
A,0,1,49,40,6,00
B,0,1,49,40,6,00
A,0,1,49,43,9,00
B,0,1,49,43,9,00
A,0,1,49,47,2,00
B,0,1,49,47,2,00
A,1,0,0,6,3,00
B,1,0,0,6,3,00
A,1,0,0,14,7,00
B,1,0,0,14,7,00
A,1,0,0,20,2,00
B,1,0,0,20,2,00
A,1,0,0,27,7,00
B,1,0,0,27,7,00
A,1,0,0,33,9,00
B,1,0,0,33,9,00
A,1,0,0,34,5,00
B,1,0,0,34,5,00
A,1,0,0,41,9,00
B,1,0,0,41,9,00
A,1,0,0,42,10,00
B,1,0,0,42,10,00
A,1,0,0,43,4,00
B,1,0,0,43,4,00
A,1,1,0,3,4,00
B,1,1,0,3,4,00
A,1,1,0,7,2,00
B,1,1,0,7,2,00
A,1,1,0,10,7,00
B,1,1,0,10,7,00
A,1,1,0,13,1,00
B,1,1,0,13,1,00
A,1,1,0,16,5,00
B,1,1,0,16,5,00
A,1,1,0,22,5,00
B,1,1,0,22,5,00
A,1,1,0,29,3,00
B,1,1,0,29,3,00
A,1,1,0,31,1,00
B,1,1,0,31,1,00
A,1,1,0,34,2,00
B,1,1,0,34,2,00
A,1,1,0,43,4,00
B,1,1,0,43,4,00
A,1,1,0,44,9,00
B,1,1,0,44,9,00
A,1,1,0,45,1,00
B,1,1,0,45,1,00
A,1,1,0,48,1,00
B,1,1,0,48,1,00
A,1,0,1,1,6,00
B,1,0,1,1,6,00
A,1,0,1,11,4,00
B,1,0,1,11,4,00
A,1,0,1,12,7,00
B,1,0,1,12,7,00
A,1,0,1,25,10,00
B,1,0,1,25,10,00
A,1,0,1,27,3,00
B,1,0,1,27,3,00
A,1,0,1,33,6,00
B,1,0,1,33,6,00
A,1,0,1,34,7,00
B,1,0,1,34,7,00
A,1,0,1,36,7,00
B,1,0,1,36,7,00
A,1,0,1,37,9,00
B,1,0,1,37,9,00
A,1,0,1,41,2,00
B,1,0,1,41,2,00
A,1,1,1,2,9,00
B,1,1,1,2,9,00
A,1,1,1,3,5,00
B,1,1,1,3,5,00
A,1,1,1,5,3,00
B,1,1,1,5,3,00
A,1,1,1,6,3,00
B,1,1,1,6,3,00
A,1,1,1,8,4,00
B,1,1,1,8,4,00
A,1,1,1,9,3,00
B,1,1,1,9,3,00
A,1,1,1,12,5,00
B,1,1,1,12,5,00
A,1,1,1,15,2,00
B,1,1,1,15,2,00
A,1,1,1,21,4,00
B,1,1,1,21,4,00
A,1,1,1,27,4,00
B,1,1,1,27,4,00
A,1,1,1,30,8,00
B,1,1,1,30,8,00
A,1,0,2,0,9,00
B,1,0,2,0,9,00
A,1,0,2,6,5,00
B,1,0,2,6,5,00
A,1,0,2,9,6,00
B,1,0,2,9,6,00
A,1,0,2,12,5,00
B,1,0,2,12,5,00
A,1,0,2,13,8,00
B,1,0,2,13,8,00
A,1,0,2,14,3,00
B,1,0,2,14,3,00
A,1,0,2,24,4,00
B,1,0,2,24,4,00
A,1,0,2,27,9,00
B,1,0,2,27,9,00
A,1,0,2,31,6,00
B,1,0,2,31,6,00
A,1,0,2,45,9,00
B,1,0,2,45,9,00
A,1,0,2,49,3,00
B,1,0,2,49,3,00
A,1,1,2,16,8,00
B,1,1,2,16,8,00
A,1,1,2,17,2,00
B,1,1,2,17,2,00
A,1,1,2,21,6,00
B,1,1,2,21,6,00
A,1,1,2,22,8,00
B,1,1,2,22,8,00
A,1,1,2,24,1,00
B,1,1,2,24,1,00
A,1,1,2,27,6,00
B,1,1,2,27,6,00
A,1,1,2,43,0,00
B,1,1,2,43,0,00
A,1,1,2,44,3,00
B,1,1,2,44,3,00
A,1,0,3,0,7,00
B,1,0,3,0,7,00
A,1,0,3,4,3,00
B,1,0,3,4,3,00
A,1,0,3,7,4,00
B,1,0,3,7,4,00
A,1,0,3,17,7,00
B,1,0,3,17,7,00
A,1,0,3,20,8,00
B,1,0,3,20,8,00
A,1,0,3,22,8,00
B,1,0,3,22,8,00
A,1,0,3,28,7,00
B,1,0,3,28,7,00
A,1,0,3,29,4,00
B,1,0,3,29,4,00
A,1,0,3,30,5,00
B,1,0,3,30,5,00
A,1,0,3,33,8,00
B,1,0,3,33,8,00
A,1,0,3,36,1,00
B,1,0,3,36,1,00
A,1,0,3,37,3,00
B,1,0,3,37,3,00
A,1,1,3,1,5,00
B,1,1,3,1,5,00
A,1,1,3,3,3,00
B,1,1,3,3,3,00
A,1,1,3,8,5,00
B,1,1,3,8,5,00
A,1,1,3,9,8,00
B,1,1,3,9,8,00
A,1,1,3,10,6,00
B,1,1,3,10,6,00
A,1,1,3,22,1,00
B,1,1,3,22,1,00
A,1,1,3,25,0,00
B,1,1,3,25,0,00
A,1,1,3,28,5,00
B,1,1,3,28,5,00
A,1,1,3,32,2,00
B,1,1,3,32,2,00
A,1,1,3,41,8,00
B,1,1,3,41,8,00
A,1,1,3,46,5,00
B,1,1,3,46,5,00
A,1,0,4,0,7,00
B,1,0,4,0,7,00
A,1,0,4,5,8,00
B,1,0,4,5,8,00
A,1,0,4,7,8,00
B,1,0,4,7,8,00
A,1,0,4,26,5,00
B,1,0,4,26,5,00
A,1,0,4,27,4,00
B,1,0,4,27,4,00
A,1,0,4,30,1,00
B,1,0,4,30,1,00
A,1,0,4,32,2,00
B,1,0,4,32,2,00
A,1,0,4,40,0,00
B,1,0,4,40,0,00
A,1,0,4,43,5,00
B,1,0,4,43,5,00
A,1,0,4,44,1,00
B,1,0,4,44,1,00
A,1,0,4,47,9,00
B,1,0,4,47,9,00
A,1,0,4,48,0,00
B,1,0,4,48,0,00
A,1,1,4,2,9,00
B,1,1,4,2,9,00
A,1,1,4,3,2,00
B,1,1,4,3,2,00
A,1,1,4,5,4,00
B,1,1,4,5,4,00
A,1,1,4,8,6,00
B,1,1,4,8,6,00
A,1,1,4,10,8,00
B,1,1,4,10,8,00
A,1,1,4,14,4,00
B,1,1,4,14,4,00
A,1,1,4,15,4,00
B,1,1,4,15,4,00
A,1,1,4,27,8,00
B,1,1,4,27,8,00
A,1,1,4,28,2,00
B,1,1,4,28,2,00
A,1,1,4,31,3,00
B,1,1,4,31,3,00
A,1,1,4,34,0,00
B,1,1,4,34,0,00
A,1,1,4,36,3,00
B,1,1,4,36,3,00
A,1,1,4,38,1,00
B,1,1,4,38,1,00
A,1,0,5,2,2,00
B,1,0,5,2,2,00
A,1,0,5,4,2,00
B,1,0,5,4,2,00
A,1,0,5,6,7,00
B,1,0,5,6,7,00
A,1,0,5,10,9,00
B,1,0,5,10,9,00
A,1,0,5,18,6,00
B,1,0,5,18,6,00
A,1,0,5,20,2,00
B,1,0,5,20,2,00
A,1,0,5,23,2,00
B,1,0,5,23,2,00
A,1,0,5,25,5,00
B,1,0,5,25,5,00
A,1,0,5,37,5,00
B,1,0,5,37,5,00
A,1,0,5,43,6,00
B,1,0,5,43,6,00
A,1,1,5,5,5,00
B,1,1,5,5,5,00
A,1,1,5,14,2,00
B,1,1,5,14,2,00
A,1,1,5,25,8,00
B,1,1,5,25,8,00
A,1,1,5,35,10,00
B,1,1,5,35,10,00
A,1,1,5,39,8,00
B,1,1,5,39,8,00
A,1,1,5,45,9,00
B,1,1,5,45,9,00
A,1,1,5,46,7,00
B,1,1,5,46,7,00
A,1,0,6,4,3,00
B,1,0,6,4,3,00
A,1,0,6,9,5,00
B,1,0,6,9,5,00
A,1,0,6,10,7,00
B,1,0,6,10,7,00
A,1,0,6,13,7,00
B,1,0,6,13,7,00
A,1,0,6,26,9,00
B,1,0,6,26,9,00
A,1,0,6,28,8,00
B,1,0,6,28,8,00
A,1,0,6,29,6,00
B,1,0,6,29,6,00
A,1,0,6,38,8,00
B,1,0,6,38,8,00
A,1,0,6,41,2,00
B,1,0,6,41,2,00
A,1,0,6,42,7,00
B,1,0,6,42,7,00
A,1,0,6,44,8,00
B,1,0,6,44,8,00
A,1,1,6,0,7,00
B,1,1,6,0,7,00
A,1,1,6,7,4,00
B,1,1,6,7,4,00
A,1,1,6,9,9,00
B,1,1,6,9,9,00
A,1,1,6,10,4,00
B,1,1,6,10,4,00
A,1,1,6,11,8,00
B,1,1,6,11,8,00
A,1,1,6,19,8,00
B,1,1,6,19,8,00
A,1,1,6,24,6,00
B,1,1,6,24,6,00
A,1,1,6,25,1,00
B,1,1,6,25,1,00
A,1,1,6,26,7,00
B,1,1,6,26,7,00
A,1,1,6,32,5,00
B,1,1,6,32,5,00
A,1,1,6,40,5,00
B,1,1,6,40,5,00
A,1,1,6,41,5,00
B,1,1,6,41,5,00
A,1,1,6,45,5,00
B,1,1,6,45,5,00
A,1,1,6,49,6,00
B,1,1,6,49,6,00
A,1,0,7,2,9,00
B,1,0,7,2,9,00
A,1,0,7,15,7,00
B,1,0,7,15,7,00
A,1,0,7,20,4,00
B,1,0,7,20,4,00
A,1,0,7,21,9,00
B,1,0,7,21,9,00
A,1,0,7,23,5,00
B,1,0,7,23,5,00
A,1,0,7,27,3,00
B,1,0,7,27,3,00
A,1,0,7,28,0,00
B,1,0,7,28,0,00
A,1,0,7,29,5,00
B,1,0,7,29,5,00
A,1,0,7,37,6,00
B,1,0,7,37,6,00
A,1,0,7,38,5,00
B,1,0,7,38,5,00
A,1,0,7,40,8,00
B,1,0,7,40,8,00
A,1,0,7,48,8,00
B,1,0,7,48,8,00
A,1,0,7,49,2,00
B,1,0,7,49,2,00
A,1,1,7,6,9,00
B,1,1,7,6,9,00
A,1,1,7,16,0,00
B,1,1,7,16,0,00
A,1,1,7,21,9,00
B,1,1,7,21,9,00
A,1,1,7,26,8,00
B,1,1,7,26,8,00
A,1,1,7,28,4,00
B,1,1,7,28,4,00
A,1,1,7,36,3,00
B,1,1,7,36,3,00
A,1,1,7,43,3,00
B,1,1,7,43,3,00
A,1,1,7,46,4,00
B,1,1,7,46,4,00
A,1,0,8,5,5,00
B,1,0,8,5,5,00
A,1,0,8,6,6,00
B,1,0,8,6,6,00
A,1,0,8,9,5,00
B,1,0,8,9,5,00
A,1,0,8,13,3,00
B,1,0,8,13,3,00
A,1,0,8,15,8,00
B,1,0,8,15,8,00
A,1,0,8,18,8,00
B,1,0,8,18,8,00
A,1,0,8,20,2,00
B,1,0,8,20,2,00
A,1,0,8,22,8,00
B,1,0,8,22,8,00
A,1,0,8,28,7,00
B,1,0,8,28,7,00
A,1,0,8,40,8,00
B,1,0,8,40,8,00
A,1,0,8,43,6,00
B,1,0,8,43,6,00
A,1,0,8,47,3,00
B,1,0,8,47,3,00
A,1,1,8,1,0,00
B,1,1,8,1,0,00
A,1,1,8,12,5,00
B,1,1,8,12,5,00
A,1,1,8,13,8,00
B,1,1,8,13,8,00
A,1,1,8,16,9,00
B,1,1,8,16,9,00
A,1,1,8,30,10,00
B,1,1,8,30,10,00
A,1,1,8,40,5,00
B,1,1,8,40,5,00
A,1,0,9,2,7,00
B,1,0,9,2,7,00
A,1,0,9,10,1,00
B,1,0,9,10,1,00
A,1,0,9,16,2,00
B,1,0,9,16,2,00
A,1,0,9,18,0,00
B,1,0,9,18,0,00
A,1,0,9,19,7,00
B,1,0,9,19,7,00
A,1,0,9,21,8,00
B,1,0,9,21,8,00
A,1,0,9,30,10,00
B,1,0,9,30,10,00
A,1,1,9,2,9,00
B,1,1,9,2,9,00
A,1,1,9,5,3,00
B,1,1,9,5,3,00
A,1,1,9,9,4,00
B,1,1,9,9,4,00
A,1,1,9,16,4,00
B,1,1,9,16,4,00
A,1,1,9,22,7,00
B,1,1,9,22,7,00
A,1,1,9,31,9,00
B,1,1,9,31,9,00
A,1,1,9,33,5,00
B,1,1,9,33,5,00
A,1,1,9,35,9,00
B,1,1,9,35,9,00
A,1,1,9,40,4,00
B,1,1,9,40,4,00
A,1,0,10,1,3,00
B,1,0,10,1,3,00
A,1,0,10,8,1,00
B,1,0,10,8,1,00
A,1,0,10,12,0,00
B,1,0,10,12,0,00
A,1,0,10,15,2,00
B,1,0,10,15,2,00
A,1,0,10,16,0,00
B,1,0,10,16,0,00
A,1,0,10,17,5,00
B,1,0,10,17,5,00
A,1,0,10,21,0,00
B,1,0,10,21,0,00
A,1,0,10,26,7,00
B,1,0,10,26,7,00
A,1,0,10,28,5,00
B,1,0,10,28,5,00
A,1,0,10,32,1,00
B,1,0,10,32,1,00
A,1,0,10,35,6,00
B,1,0,10,35,6,00
A,1,0,10,37,8,00
B,1,0,10,37,8,00
A,1,0,10,39,2,00
B,1,0,10,39,2,00
A,1,0,10,40,4,00
B,1,0,10,40,4,00
A,1,0,10,48,4,00
B,1,0,10,48,4,00
A,1,1,10,4,2,00
B,1,1,10,4,2,00
A,1,1,10,16,2,00
B,1,1,10,16,2,00
A,1,1,10,17,8,00
B,1,1,10,17,8,00
A,1,1,10,22,1,00
B,1,1,10,22,1,00
A,1,1,10,25,6,00
B,1,1,10,25,6,00
A,1,1,10,36,7,00
B,1,1,10,36,7,00
A,1,1,10,38,3,00
B,1,1,10,38,3,00
A,1,1,10,39,5,00
B,1,1,10,39,5,00
A,1,1,10,43,3,00
B,1,1,10,43,3,00
A,1,1,10,48,2,00
B,1,1,10,48,2,00
A,1,1,10,49,7,00
B,1,1,10,49,7,00
A,1,0,11,4,1,00
B,1,0,11,4,1,00
A,1,0,11,13,2,00
B,1,0,11,13,2,00
A,1,0,11,16,7,00
B,1,0,11,16,7,00
A,1,0,11,18,3,00
B,1,0,11,18,3,00
A,1,0,11,24,8,00
B,1,0,11,24,8,00
A,1,0,11,26,6,00
B,1,0,11,26,6,00
A,1,0,11,28,5,00
B,1,0,11,28,5,00
A,1,0,11,37,9,00
B,1,0,11,37,9,00
A,1,0,11,46,9,00
B,1,0,11,46,9,00
A,1,0,11,47,6,00
B,1,0,11,47,6,00
A,1,1,11,1,7,00
B,1,1,11,1,7,00
A,1,1,11,5,0,00
B,1,1,11,5,0,00
A,1,1,11,6,10,00
B,1,1,11,6,10,00
A,1,1,11,21,7,00
B,1,1,11,21,7,00
A,1,1,11,33,3,00
B,1,1,11,33,3,00
A,1,1,11,34,6,00
B,1,1,11,34,6,00
A,1,1,11,37,8,00
B,1,1,11,37,8,00
A,1,1,11,42,9,00
B,1,1,11,42,9,00
A,1,1,11,43,9,00
B,1,1,11,43,9,00
A,1,1,11,47,2,00
B,1,1,11,47,2,00
A,1,1,11,49,4,00
B,1,1,11,49,4,00
A,1,0,12,0,5,00
B,1,0,12,0,5,00
A,1,0,12,12,1,00
B,1,0,12,12,1,00
A,1,0,12,19,5,00
B,1,0,12,19,5,00
A,1,0,12,20,5,00
B,1,0,12,20,5,00
A,1,0,12,27,10,00
B,1,0,12,27,10,00
A,1,0,12,28,8,00
B,1,0,12,28,8,00
A,1,0,12,29,8,00
B,1,0,12,29,8,00
A,1,0,12,33,5,00
B,1,0,12,33,5,00
A,1,0,12,36,6,00
B,1,0,12,36,6,00
A,1,0,12,40,5,00
B,1,0,12,40,5,00
A,1,1,12,1,7,00
B,1,1,12,1,7,00
A,1,1,12,9,9,00
B,1,1,12,9,9,00
A,1,1,12,11,7,00
B,1,1,12,11,7,00
A,1,1,12,13,4,00
B,1,1,12,13,4,00
A,1,1,12,14,5,00
B,1,1,12,14,5,00
A,1,1,12,15,4,00
B,1,1,12,15,4,00
A,1,1,12,20,7,00
B,1,1,12,20,7,00
A,1,1,12,23,7,00
B,1,1,12,23,7,00
A,1,1,12,27,3,00
B,1,1,12,27,3,00
A,1,1,12,30,2,00
B,1,1,12,30,2,00
A,1,1,12,33,10,00
B,1,1,12,33,10,00
A,1,1,12,34,8,00
B,1,1,12,34,8,00
A,1,1,12,44,1,00
B,1,1,12,44,1,00
A,1,0,13,3,0,00
B,1,0,13,3,0,00
A,1,0,13,4,8,00
B,1,0,13,4,8,00
A,1,0,13,5,0,00
B,1,0,13,5,0,00
A,1,0,13,11,10,00
B,1,0,13,11,10,00
A,1,0,13,19,4,00
B,1,0,13,19,4,00
A,1,0,13,24,8,00
B,1,0,13,24,8,00
A,1,0,13,33,6,00
B,1,0,13,33,6,00
A,1,0,13,45,1,00
B,1,0,13,45,1,00
A,1,0,13,49,6,00
B,1,0,13,49,6,00
A,1,1,13,0,10,00
B,1,1,13,0,10,00
A,1,1,13,7,1,00
B,1,1,13,7,1,00
A,1,1,13,14,9,00
B,1,1,13,14,9,00
A,1,1,13,16,6,00
B,1,1,13,16,6,00
A,1,1,13,18,7,00
B,1,1,13,18,7,00
A,1,1,13,19,5,00
B,1,1,13,19,5,00
A,1,1,13,26,4,00
B,1,1,13,26,4,00
A,1,1,13,27,4,00
B,1,1,13,27,4,00
A,1,1,13,32,1,00
B,1,1,13,32,1,00
A,1,1,13,35,4,00
B,1,1,13,35,4,00
A,1,1,13,36,1,00
B,1,1,13,36,1,00
A,1,1,13,44,6,00
B,1,1,13,44,6,00
A,1,1,13,46,2,00
B,1,1,13,46,2,00
A,1,1,13,48,8,00
B,1,1,13,48,8,00
A,1,0,14,7,1,00
B,1,0,14,7,1,00
A,1,0,14,13,2,00
B,1,0,14,13,2,00
A,1,0,14,25,3,00
B,1,0,14,25,3,00
A,1,0,14,26,7,00
B,1,0,14,26,7,00
A,1,0,14,33,5,00
B,1,0,14,33,5,00
A,1,0,14,44,9,00
B,1,0,14,44,9,00
A,1,0,14,48,6,00
B,1,0,14,48,6,00
A,1,0,14,49,7,00
B,1,0,14,49,7,00
A,1,1,14,4,4,00
B,1,1,14,4,4,00
A,1,1,14,6,5,00
B,1,1,14,6,5,00
A,1,1,14,16,3,00
B,1,1,14,16,3,00
A,1,1,14,27,10,00
B,1,1,14,27,10,00
A,1,1,14,37,8,00
B,1,1,14,37,8,00
A,1,1,14,38,8,00
B,1,1,14,38,8,00
A,1,1,14,40,9,00
B,1,1,14,40,9,00
A,1,1,14,43,6,00
B,1,1,14,43,6,00
A,1,1,14,45,6,00
B,1,1,14,45,6,00
A,1,1,14,46,7,00
B,1,1,14,46,7,00
A,1,1,14,48,8,00
B,1,1,14,48,8,00
A,1,1,14,49,2,00
B,1,1,14,49,2,00
A,1,0,15,2,6,00
B,1,0,15,2,6,00
A,1,0,15,4,5,00
B,1,0,15,4,5,00
A,1,0,15,5,7,00
B,1,0,15,5,7,00
A,1,0,15,6,3,00
B,1,0,15,6,3,00
A,1,0,15,13,5,00
B,1,0,15,13,5,00
A,1,0,15,14,0,00
B,1,0,15,14,0,00
A,1,0,15,32,10,00
B,1,0,15,32,10,00
A,1,0,15,36,4,00
B,1,0,15,36,4,00
A,1,0,15,38,5,00
B,1,0,15,38,5,00
A,1,0,15,42,9,00
B,1,0,15,42,9,00
A,1,0,15,48,0,00
B,1,0,15,48,0,00
A,1,0,15,49,6,00
B,1,0,15,49,6,00
A,1,1,15,2,3,00
B,1,1,15,2,3,00
A,1,1,15,11,8,00
B,1,1,15,11,8,00
A,1,1,15,14,4,00
B,1,1,15,14,4,00
A,1,1,15,17,6,00
B,1,1,15,17,6,00
A,1,1,15,20,10,00
B,1,1,15,20,10,00
A,1,1,15,21,6,00
B,1,1,15,21,6,00
A,1,1,15,31,2,00
B,1,1,15,31,2,00
A,1,1,15,33,4,00
B,1,1,15,33,4,00
A,1,1,15,36,0,00
B,1,1,15,36,0,00
A,1,1,15,40,5,00
B,1,1,15,40,5,00
A,1,1,15,41,1,00
B,1,1,15,41,1,00
A,1,1,15,42,1,00
B,1,1,15,42,1,00
A,1,1,15,43,9,00
B,1,1,15,43,9,00
A,1,1,15,45,7,00
B,1,1,15,45,7,00
A,1,1,15,47,3,00
B,1,1,15,47,3,00
A,1,1,15,49,8,00
B,1,1,15,49,8,00
A,1,0,16,3,8,00
B,1,0,16,3,8,00
A,1,0,16,4,4,00
B,1,0,16,4,4,00
A,1,0,16,5,1,00
B,1,0,16,5,1,00
A,1,0,16,11,9,00
B,1,0,16,11,9,00
A,1,0,16,14,1,00
B,1,0,16,14,1,00
A,1,0,16,16,0,00
B,1,0,16,16,0,00
A,1,0,16,18,5,00
B,1,0,16,18,5,00
A,1,0,16,30,6,00
B,1,0,16,30,6,00
A,1,0,16,35,3,00
B,1,0,16,35,3,00
A,1,0,16,36,4,00
B,1,0,16,36,4,00
A,1,0,16,38,2,00
B,1,0,16,38,2,00
A,1,0,16,45,4,00
B,1,0,16,45,4,00
A,1,1,16,10,3,00
B,1,1,16,10,3,00
A,1,1,16,16,1,00
B,1,1,16,16,1,00
A,1,1,16,22,6,00
B,1,1,16,22,6,00
A,1,1,16,23,9,00
B,1,1,16,23,9,00
A,1,1,16,27,3,00
B,1,1,16,27,3,00
A,1,1,16,44,9,00
B,1,1,16,44,9,00
A,1,1,16,47,2,00
B,1,1,16,47,2,00
A,1,0,17,6,6,00
B,1,0,17,6,6,00
A,1,0,17,7,9,00
B,1,0,17,7,9,00
A,1,0,17,9,9,00
B,1,0,17,9,9,00
A,1,0,17,21,1,00
B,1,0,17,21,1,00
A,1,0,17,22,10,00
B,1,0,17,22,10,00
A,1,0,17,25,10,00
B,1,0,17,25,10,00
A,1,0,17,27,7,00
B,1,0,17,27,7,00
A,1,0,17,34,6,00
B,1,0,17,34,6,00
A,1,0,17,35,9,00
B,1,0,17,35,9,00
A,1,0,17,37,9,00
B,1,0,17,37,9,00
A,1,0,17,40,0,00
B,1,0,17,40,0,00
A,1,0,17,48,3,00
B,1,0,17,48,3,00
A,1,0,17,49,3,00
B,1,0,17,49,3,00
A,1,1,17,2,3,00
B,1,1,17,2,3,00
A,1,1,17,3,5,00
B,1,1,17,3,5,00
A,1,1,17,7,3,00
B,1,1,17,7,3,00
A,1,1,17,13,7,00
B,1,1,17,13,7,00
A,1,1,17,20,1,00
B,1,1,17,20,1,00
A,1,1,17,32,2,00
B,1,1,17,32,2,00
A,1,1,17,33,6,00
B,1,1,17,33,6,00
A,1,1,17,43,5,00
B,1,1,17,43,5,00
A,1,1,17,47,7,00
B,1,1,17,47,7,00
A,1,0,18,14,1,00
B,1,0,18,14,1,00
A,1,0,18,20,5,00
B,1,0,18,20,5,00
A,1,0,18,25,5,00
B,1,0,18,25,5,00
A,1,0,18,30,1,00
B,1,0,18,30,1,00
A,1,0,18,33,4,00
B,1,0,18,33,4,00
A,1,0,18,37,9,00
B,1,0,18,37,9,00
A,1,0,18,38,1,00
B,1,0,18,38,1,00
A,1,0,18,41,5,00
B,1,0,18,41,5,00
A,1,0,18,46,9,00
B,1,0,18,46,9,00
A,1,0,18,47,1,00
B,1,0,18,47,1,00
A,1,0,18,48,8,00
B,1,0,18,48,8,00
A,1,0,18,49,7,00
B,1,0,18,49,7,00
A,1,1,18,4,2,00
B,1,1,18,4,2,00
A,1,1,18,10,7,00
B,1,1,18,10,7,00
A,1,1,18,12,1,00
B,1,1,18,12,1,00
A,1,1,18,19,5,00
B,1,1,18,19,5,00
A,1,1,18,45,9,00
B,1,1,18,45,9,00
A,1,0,19,0,6,00
B,1,0,19,0,6,00
A,1,0,19,12,6,00
B,1,0,19,12,6,00
A,1,0,19,20,8,00
B,1,0,19,20,8,00
A,1,0,19,26,3,00
B,1,0,19,26,3,00
A,1,0,19,30,6,00
B,1,0,19,30,6,00
A,1,0,19,31,5,00
B,1,0,19,31,5,00
A,1,0,19,35,5,00
B,1,0,19,35,5,00
A,1,0,19,36,4,00
B,1,0,19,36,4,00
A,1,0,19,37,4,00
B,1,0,19,37,4,00
A,1,1,19,11,1,00
B,1,1,19,11,1,00
A,1,1,19,21,4,00
B,1,1,19,21,4,00
A,1,1,19,26,1,00
B,1,1,19,26,1,00
A,1,1,19,34,3,00
B,1,1,19,34,3,00
A,1,1,19,35,6,00
B,1,1,19,35,6,00
A,1,1,19,43,1,00
B,1,1,19,43,1,00
A,1,1,19,44,1,00
B,1,1,19,44,1,00
A,1,1,19,46,1,00
B,1,1,19,46,1,00
A,1,1,19,49,2,00
B,1,1,19,49,2,00
A,1,0,20,9,9,00
B,1,0,20,9,9,00
A,1,0,20,11,7,00
B,1,0,20,11,7,00
A,1,0,20,14,6,00
B,1,0,20,14,6,00
A,1,0,20,17,7,00
B,1,0,20,17,7,00
A,1,0,20,19,8,00
B,1,0,20,19,8,00
A,1,0,20,23,2,00
B,1,0,20,23,2,00
A,1,0,20,30,2,00
B,1,0,20,30,2,00
A,1,0,20,35,4,00
B,1,0,20,35,4,00
A,1,0,20,36,3,00
B,1,0,20,36,3,00
A,1,1,20,0,9,00
B,1,1,20,0,9,00
A,1,1,20,3,1,00
B,1,1,20,3,1,00
A,1,1,20,7,4,00
B,1,1,20,7,4,00
A,1,1,20,15,6,00
B,1,1,20,15,6,00
A,1,1,20,23,1,00
B,1,1,20,23,1,00
A,1,1,20,24,6,00
B,1,1,20,24,6,00
A,1,1,20,28,9,00
B,1,1,20,28,9,00
A,1,1,20,32,3,00
B,1,1,20,32,3,00
A,1,1,20,39,2,00
B,1,1,20,39,2,00
A,1,1,20,49,0,00
B,1,1,20,49,0,00
A,1,0,21,1,8,00
B,1,0,21,1,8,00
A,1,0,21,15,1,00
B,1,0,21,15,1,00
A,1,0,21,16,4,00
B,1,0,21,16,4,00
A,1,0,21,23,2,00
B,1,0,21,23,2,00
A,1,0,21,31,8,00
B,1,0,21,31,8,00
A,1,0,21,35,4,00
B,1,0,21,35,4,00
A,1,0,21,39,1,00
B,1,0,21,39,1,00
A,1,0,21,41,9,00
B,1,0,21,41,9,00
A,1,0,21,45,10,00
B,1,0,21,45,10,00
A,1,1,21,2,4,00
B,1,1,21,2,4,00
A,1,1,21,6,4,00
B,1,1,21,6,4,00
A,1,1,21,7,4,00
B,1,1,21,7,4,00
A,1,1,21,18,7,00
B,1,1,21,18,7,00
A,1,1,21,19,10,00
B,1,1,21,19,10,00
A,1,1,21,32,5,00
B,1,1,21,32,5,00
A,1,1,21,34,1,00
B,1,1,21,34,1,00
A,1,1,21,39,6,00
B,1,1,21,39,6,00
A,1,1,21,41,9,00
B,1,1,21,41,9,00
A,1,1,21,43,7,00
B,1,1,21,43,7,00
A,1,1,21,47,4,00
B,1,1,21,47,4,00
A,1,1,21,48,10,00
B,1,1,21,48,10,00
A,1,0,22,5,1,00
B,1,0,22,5,1,00
A,1,0,22,15,7,00
B,1,0,22,15,7,00
A,1,0,22,25,9,00
B,1,0,22,25,9,00
A,1,0,22,31,9,00
B,1,0,22,31,9,00
A,1,0,22,33,6,00
B,1,0,22,33,6,00
A,1,0,22,37,5,00
B,1,0,22,37,5,00
A,1,0,22,39,6,00
B,1,0,22,39,6,00
A,1,0,22,40,1,00
B,1,0,22,40,1,00
A,1,0,22,41,8,00
B,1,0,22,41,8,00
A,1,0,22,43,7,00
B,1,0,22,43,7,00
A,1,1,22,1,3,00
B,1,1,22,1,3,00
A,1,1,22,3,4,00
B,1,1,22,3,4,00
A,1,1,22,13,7,00
B,1,1,22,13,7,00
A,1,1,22,19,6,00
B,1,1,22,19,6,00
A,1,1,22,22,6,00
B,1,1,22,22,6,00
A,1,1,22,23,4,00
B,1,1,22,23,4,00
A,1,1,22,24,4,00
B,1,1,22,24,4,00
A,1,1,22,29,3,00
B,1,1,22,29,3,00
A,1,1,22,34,7,00
B,1,1,22,34,7,00
A,1,1,22,35,1,00
B,1,1,22,35,1,00
A,1,1,22,39,1,00
B,1,1,22,39,1,00
A,1,1,22,41,1,00
B,1,1,22,41,1,00
A,1,0,23,8,8,00
B,1,0,23,8,8,00
A,1,0,23,12,1,00
B,1,0,23,12,1,00
A,1,0,23,17,3,00
B,1,0,23,17,3,00
A,1,0,23,19,9,00
B,1,0,23,19,9,00
A,1,0,23,20,10,00
B,1,0,23,20,10,00
A,1,0,23,22,4,00
B,1,0,23,22,4,00
A,1,0,23,24,7,00
B,1,0,23,24,7,00
A,1,0,23,25,1,00
B,1,0,23,25,1,00
A,1,0,23,30,6,00
B,1,0,23,30,6,00
A,1,0,23,31,5,00
B,1,0,23,31,5,00
A,1,0,23,32,5,00
B,1,0,23,32,5,00
A,1,0,23,36,0,00
B,1,0,23,36,0,00
A,1,0,23,40,9,00
B,1,0,23,40,9,00
A,1,0,23,47,8,00
B,1,0,23,47,8,00
A,1,1,23,0,7,00
B,1,1,23,0,7,00
A,1,1,23,2,6,00
B,1,1,23,2,6,00
A,1,1,23,10,2,00
B,1,1,23,10,2,00
A,1,1,23,20,4,00
B,1,1,23,20,4,00
A,1,1,23,21,4,00
B,1,1,23,21,4,00
A,1,1,23,25,7,00
B,1,1,23,25,7,00
A,1,1,23,31,4,00
B,1,1,23,31,4,00
A,1,0,24,6,6,00
B,1,0,24,6,6,00
A,1,0,24,10,6,00
B,1,0,24,10,6,00
A,1,0,24,11,0,00
B,1,0,24,11,0,00
A,1,0,24,15,1,00
B,1,0,24,15,1,00
A,1,0,24,16,9,00
B,1,0,24,16,9,00
A,1,0,24,19,3,00
B,1,0,24,19,3,00
A,1,0,24,25,4,00
B,1,0,24,25,4,00
A,1,0,24,27,5,00
B,1,0,24,27,5,00
A,1,0,24,28,0,00
B,1,0,24,28,0,00
A,1,0,24,31,4,00
B,1,0,24,31,4,00
A,1,0,24,39,6,00
B,1,0,24,39,6,00
A,1,0,24,45,3,00
B,1,0,24,45,3,00
A,1,0,24,49,8,00
B,1,0,24,49,8,00
A,1,1,24,2,4,00
B,1,1,24,2,4,00
A,1,1,24,4,10,00
B,1,1,24,4,10,00
A,1,1,24,7,6,00
B,1,1,24,7,6,00
A,1,1,24,11,9,00
B,1,1,24,11,9,00
A,1,1,24,14,8,00
B,1,1,24,14,8,00
A,1,1,24,26,9,00
B,1,1,24,26,9,00
A,1,1,24,44,9,00
B,1,1,24,44,9,00
A,1,1,24,45,1,00
B,1,1,24,45,1,00
A,1,0,25,3,2,00
B,1,0,25,3,2,00
A,1,0,25,7,10,00
B,1,0,25,7,10,00
A,1,0,25,18,8,00
B,1,0,25,18,8,00
A,1,0,25,25,2,00
B,1,0,25,25,2,00
A,1,0,25,29,8,00
B,1,0,25,29,8,00
A,1,0,25,35,3,00
B,1,0,25,35,3,00
A,1,0,25,36,1,00
B,1,0,25,36,1,00
A,1,0,25,37,9,00
B,1,0,25,37,9,00
A,1,0,25,45,1,00
B,1,0,25,45,1,00
A,1,0,25,49,7,00
B,1,0,25,49,7,00
A,1,1,25,0,9,00
B,1,1,25,0,9,00
A,1,1,25,3,5,00
B,1,1,25,3,5,00
A,1,1,25,6,4,00
B,1,1,25,6,4,00
A,1,1,25,15,9,00
B,1,1,25,15,9,00
A,1,1,25,22,9,00
B,1,1,25,22,9,00
A,1,1,25,24,1,00
B,1,1,25,24,1,00
A,1,1,25,25,5,00
B,1,1,25,25,5,00
A,1,1,25,29,6,00
B,1,1,25,29,6,00
A,1,1,25,31,9,00
B,1,1,25,31,9,00
A,1,1,25,32,9,00
B,1,1,25,32,9,00
A,1,1,25,34,4,00
B,1,1,25,34,4,00
A,1,1,25,38,2,00
B,1,1,25,38,2,00
A,1,1,25,41,6,00
B,1,1,25,41,6,00
A,1,1,25,48,3,00
B,1,1,25,48,3,00
A,1,0,26,10,5,00
B,1,0,26,10,5,00
A,1,0,26,15,3,00
B,1,0,26,15,3,00
A,1,0,26,18,9,00
B,1,0,26,18,9,00
A,1,0,26,21,6,00
B,1,0,26,21,6,00
A,1,0,26,31,5,00
B,1,0,26,31,5,00
A,1,0,26,33,9,00
B,1,0,26,33,9,00
A,1,0,26,34,5,00
B,1,0,26,34,5,00
A,1,0,26,36,8,00
B,1,0,26,36,8,00
A,1,0,26,39,8,00
B,1,0,26,39,8,00
A,1,0,26,47,3,00
B,1,0,26,47,3,00
A,1,1,26,5,2,00
B,1,1,26,5,2,00
A,1,1,26,15,6,00
B,1,1,26,15,6,00
A,1,1,26,17,7,00
B,1,1,26,17,7,00
A,1,1,26,25,4,00
B,1,1,26,25,4,00
A,1,1,26,27,4,00
B,1,1,26,27,4,00
A,1,1,26,28,5,00
B,1,1,26,28,5,00
A,1,1,26,29,8,00
B,1,1,26,29,8,00
A,1,1,26,38,0,00
B,1,1,26,38,0,00
A,1,1,26,42,5,00
B,1,1,26,42,5,00
A,1,1,26,45,10,00
B,1,1,26,45,10,00
A,1,1,26,46,1,00
B,1,1,26,46,1,00
A,1,0,27,0,3,00
B,1,0,27,0,3,00
A,1,0,27,1,8,00
B,1,0,27,1,8,00
A,1,0,27,3,7,00
B,1,0,27,3,7,00
A,1,0,27,16,7,00
B,1,0,27,16,7,00
A,1,0,27,17,2,00
B,1,0,27,17,2,00
A,1,0,27,18,0,00
B,1,0,27,18,0,00
A,1,0,27,19,5,00
B,1,0,27,19,5,00
A,1,0,27,24,9,00
B,1,0,27,24,9,00
A,1,0,27,29,5,00
B,1,0,27,29,5,00
A,1,0,27,33,0,00
B,1,0,27,33,0,00
A,1,0,27,45,1,00
B,1,0,27,45,1,00
A,1,0,27,49,1,00
B,1,0,27,49,1,00
A,1,1,27,5,5,00
B,1,1,27,5,5,00
A,1,1,27,8,9,00
B,1,1,27,8,9,00
A,1,1,27,12,9,00
B,1,1,27,12,9,00
A,1,1,27,15,8,00
B,1,1,27,15,8,00
A,1,1,27,18,3,00
B,1,1,27,18,3,00
A,1,1,27,33,3,00
B,1,1,27,33,3,00
A,1,1,27,43,5,00
B,1,1,27,43,5,00
A,1,1,27,48,2,00
B,1,1,27,48,2,00
A,1,0,28,2,0,00
B,1,0,28,2,0,00
A,1,0,28,13,4,00
B,1,0,28,13,4,00
A,1,0,28,16,9,00
B,1,0,28,16,9,00
A,1,0,28,19,5,00
B,1,0,28,19,5,00
A,1,0,28,22,8,00
B,1,0,28,22,8,00
A,1,0,28,23,5,00
B,1,0,28,23,5,00
A,1,0,28,25,2,00
B,1,0,28,25,2,00
A,1,0,28,28,6,00
B,1,0,28,28,6,00
A,1,0,28,32,4,00
B,1,0,28,32,4,00
A,1,0,28,34,8,00
B,1,0,28,34,8,00
A,1,0,28,42,9,00
B,1,0,28,42,9,00
A,1,0,28,45,1,00
B,1,0,28,45,1,00
A,1,0,28,46,9,00
B,1,0,28,46,9,00
A,1,1,28,3,1,00
B,1,1,28,3,1,00
A,1,1,28,4,4,00
B,1,1,28,4,4,00
A,1,1,28,6,6,00
B,1,1,28,6,6,00
A,1,1,28,10,8,00
B,1,1,28,10,8,00
A,1,1,28,13,0,00
B,1,1,28,13,0,00
A,1,1,28,30,3,00
B,1,1,28,30,3,00
A,1,0,29,5,7,00
B,1,0,29,5,7,00
A,1,0,29,11,8,00
B,1,0,29,11,8,00
A,1,0,29,21,4,00
B,1,0,29,21,4,00
A,1,0,29,22,8,00
B,1,0,29,22,8,00
A,1,0,29,25,3,00
B,1,0,29,25,3,00
A,1,0,29,33,0,00
B,1,0,29,33,0,00
A,1,0,29,39,0,00
B,1,0,29,39,0,00
A,1,0,29,41,4,00
B,1,0,29,41,4,00
A,1,0,29,46,7,00
B,1,0,29,46,7,00
A,1,1,29,11,5,00
B,1,1,29,11,5,00
A,1,1,29,31,6,00
B,1,1,29,31,6,00
A,1,1,29,32,5,00
B,1,1,29,32,5,00
A,1,1,29,35,3,00
B,1,1,29,35,3,00
A,1,1,29,40,2,00
B,1,1,29,40,2,00
A,1,0,30,2,2,00
B,1,0,30,2,2,00
A,1,0,30,6,8,00
B,1,0,30,6,8,00
A,1,0,30,13,9,00
B,1,0,30,13,9,00
A,1,0,30,18,0,00
B,1,0,30,18,0,00
A,1,0,30,34,0,00
B,1,0,30,34,0,00
A,1,0,30,44,9,00
B,1,0,30,44,9,00
A,1,0,30,46,6,00
B,1,0,30,46,6,00
A,1,0,30,49,4,00
B,1,0,30,49,4,00
A,1,1,30,3,8,00
B,1,1,30,3,8,00
A,1,1,30,14,2,00
B,1,1,30,14,2,00
A,1,1,30,22,2,00
B,1,1,30,22,2,00
A,1,1,30,28,1,00
B,1,1,30,28,1,00
A,1,1,30,33,7,00
B,1,1,30,33,7,00
A,1,1,30,36,2,00
B,1,1,30,36,2,00
A,1,0,31,4,8,00
B,1,0,31,4,8,00
A,1,0,31,8,7,00
B,1,0,31,8,7,00
A,1,0,31,9,8,00
B,1,0,31,9,8,00
A,1,0,31,11,3,00
B,1,0,31,11,3,00
A,1,0,31,13,1,00
B,1,0,31,13,1,00
A,1,0,31,16,1,00
B,1,0,31,16,1,00
A,1,0,31,26,8,00
B,1,0,31,26,8,00
A,1,0,31,33,10,00
B,1,0,31,33,10,00
A,1,0,31,37,0,00
B,1,0,31,37,0,00
A,1,0,31,39,1,00
B,1,0,31,39,1,00
A,1,0,31,40,3,00
B,1,0,31,40,3,00
A,1,0,31,41,1,00
B,1,0,31,41,1,00
A,1,0,31,44,2,00
B,1,0,31,44,2,00
A,1,1,31,7,8,00
B,1,1,31,7,8,00
A,1,1,31,12,5,00
B,1,1,31,12,5,00
A,1,1,31,14,9,00
B,1,1,31,14,9,00
A,1,1,31,18,7,00
B,1,1,31,18,7,00
A,1,1,31,22,9,00
B,1,1,31,22,9,00
A,1,1,31,25,1,00
B,1,1,31,25,1,00
A,1,1,31,31,2,00
B,1,1,31,31,2,00
A,1,1,31,32,0,00
B,1,1,31,32,0,00
A,1,1,31,35,9,00
B,1,1,31,35,9,00
A,1,1,31,38,3,00
B,1,1,31,38,3,00
A,1,1,31,39,1,00
B,1,1,31,39,1,00
A,1,1,31,41,3,00
B,1,1,31,41,3,00
A,1,1,31,42,4,00
B,1,1,31,42,4,00
A,1,1,31,44,2,00
B,1,1,31,44,2,00
A,1,1,31,46,3,00
B,1,1,31,46,3,00
A,1,1,31,48,3,00
B,1,1,31,48,3,00
A,1,0,32,0,4,00
B,1,0,32,0,4,00
A,1,0,32,6,4,00
B,1,0,32,6,4,00
A,1,0,32,7,9,00
B,1,0,32,7,9,00
A,1,0,32,9,2,00
B,1,0,32,9,2,00
A,1,0,32,21,7,00
B,1,0,32,21,7,00
A,1,0,32,26,0,00
B,1,0,32,26,0,00
A,1,0,32,29,5,00
B,1,0,32,29,5,00
A,1,0,32,40,9,00
B,1,0,32,40,9,00
A,1,0,32,48,6,00
B,1,0,32,48,6,00
A,1,1,32,1,6,00
B,1,1,32,1,6,00
A,1,1,32,3,4,00
B,1,1,32,3,4,00
A,1,1,32,9,7,00
B,1,1,32,9,7,00
A,1,1,32,15,3,00
B,1,1,32,15,3,00
A,1,1,32,19,6,00
B,1,1,32,19,6,00
A,1,1,32,23,6,00
B,1,1,32,23,6,00
A,1,1,32,25,3,00
B,1,1,32,25,3,00
A,1,1,32,30,1,00
B,1,1,32,30,1,00
A,1,1,32,38,1,00
B,1,1,32,38,1,00
A,1,1,32,40,7,00
B,1,1,32,40,7,00
A,1,1,32,45,9,00
B,1,1,32,45,9,00
A,1,1,32,49,10,00
B,1,1,32,49,10,00
A,1,0,33,0,8,00
B,1,0,33,0,8,00
A,1,0,33,1,3,00
B,1,0,33,1,3,00
A,1,0,33,2,10,00
B,1,0,33,2,10,00
A,1,0,33,4,9,00
B,1,0,33,4,9,00
A,1,0,33,5,3,00
B,1,0,33,5,3,00
A,1,0,33,9,4,00
B,1,0,33,9,4,00
A,1,0,33,39,8,00
B,1,0,33,39,8,00
A,1,0,33,48,6,00
B,1,0,33,48,6,00
A,1,1,33,4,9,00
B,1,1,33,4,9,00
A,1,1,33,5,9,00
B,1,1,33,5,9,00
A,1,1,33,7,4,00
B,1,1,33,7,4,00
A,1,1,33,11,10,00
B,1,1,33,11,10,00
A,1,1,33,12,6,00
B,1,1,33,12,6,00
A,1,1,33,14,3,00
B,1,1,33,14,3,00
A,1,1,33,21,4,00
B,1,1,33,21,4,00
A,1,1,33,38,9,00
B,1,1,33,38,9,00
A,1,1,33,47,7,00
B,1,1,33,47,7,00
A,1,0,34,6,5,00
B,1,0,34,6,5,00
A,1,0,34,9,4,00
B,1,0,34,9,4,00
A,1,0,34,14,5,00
B,1,0,34,14,5,00
A,1,0,34,22,3,00
B,1,0,34,22,3,00
A,1,0,34,30,9,00
B,1,0,34,30,9,00
A,1,0,34,36,1,00
B,1,0,34,36,1,00
A,1,0,34,37,1,00
B,1,0,34,37,1,00
A,1,0,34,38,8,00
B,1,0,34,38,8,00
A,1,0,34,48,4,00
B,1,0,34,48,4,00
A,1,1,34,4,7,00
B,1,1,34,4,7,00
A,1,1,34,7,5,00
B,1,1,34,7,5,00
A,1,1,34,11,8,00
B,1,1,34,11,8,00
A,1,1,34,12,8,00
B,1,1,34,12,8,00
A,1,1,34,19,5,00
B,1,1,34,19,5,00
A,1,1,34,21,4,00
B,1,1,34,21,4,00
A,1,1,34,28,0,00
B,1,1,34,28,0,00
A,1,1,34,42,8,00
B,1,1,34,42,8,00
A,1,1,34,49,1,00
B,1,1,34,49,1,00
A,1,0,35,2,1,00
B,1,0,35,2,1,00
A,1,0,35,6,2,00
B,1,0,35,6,2,00
A,1,0,35,8,7,00
B,1,0,35,8,7,00
A,1,0,35,13,4,00
B,1,0,35,13,4,00
A,1,0,35,16,0,00
B,1,0,35,16,0,00
A,1,0,35,17,3,00
B,1,0,35,17,3,00
A,1,0,35,19,1,00
B,1,0,35,19,1,00
A,1,0,35,22,3,00
B,1,0,35,22,3,00
A,1,0,35,26,8,00
B,1,0,35,26,8,00
A,1,0,35,28,5,00
B,1,0,35,28,5,00
A,1,0,35,29,3,00
B,1,0,35,29,3,00
A,1,0,35,30,6,00
B,1,0,35,30,6,00
A,1,0,35,40,1,00
B,1,0,35,40,1,00
A,1,1,35,6,7,00
B,1,1,35,6,7,00
A,1,1,35,8,5,00
B,1,1,35,8,5,00
A,1,1,35,9,8,00
B,1,1,35,9,8,00
A,1,1,35,24,5,00
B,1,1,35,24,5,00
A,1,1,35,26,6,00
B,1,1,35,26,6,00
A,1,1,35,33,6,00
B,1,1,35,33,6,00
A,1,1,35,42,8,00
B,1,1,35,42,8,00
A,1,1,35,43,5,00
B,1,1,35,43,5,00
A,1,0,36,25,8,00
B,1,0,36,25,8,00
A,1,0,36,27,8,00
B,1,0,36,27,8,00
A,1,0,36,37,0,00
B,1,0,36,37,0,00
A,1,0,36,43,3,00
B,1,0,36,43,3,00
A,1,0,36,44,5,00
B,1,0,36,44,5,00
A,1,1,36,3,10,00
B,1,1,36,3,10,00
A,1,1,36,8,1,00
B,1,1,36,8,1,00
A,1,1,36,11,4,00
B,1,1,36,11,4,00
A,1,1,36,13,2,00
B,1,1,36,13,2,00
A,1,1,36,30,9,00
B,1,1,36,30,9,00
A,1,1,36,31,3,00
B,1,1,36,31,3,00
A,1,1,36,32,1,00
B,1,1,36,32,1,00
A,1,1,36,38,8,00
B,1,1,36,38,8,00
A,1,1,36,39,5,00
B,1,1,36,39,5,00
A,1,1,36,47,1,00
B,1,1,36,47,1,00
A,1,1,36,48,3,00
B,1,1,36,48,3,00
A,1,0,37,1,6,00
B,1,0,37,1,6,00
A,1,0,37,3,5,00
B,1,0,37,3,5,00
A,1,0,37,5,5,00
B,1,0,37,5,5,00
A,1,0,37,8,7,00
B,1,0,37,8,7,00
A,1,0,37,14,4,00
B,1,0,37,14,4,00
A,1,0,37,20,7,00
B,1,0,37,20,7,00
A,1,0,37,24,10,00
B,1,0,37,24,10,00
A,1,0,37,29,6,00
B,1,0,37,29,6,00
A,1,0,37,38,5,00
B,1,0,37,38,5,00
A,1,0,37,41,7,00
B,1,0,37,41,7,00
A,1,0,37,45,7,00
B,1,0,37,45,7,00
A,1,0,37,48,1,00
B,1,0,37,48,1,00
A,1,1,37,3,8,00
B,1,1,37,3,8,00
A,1,1,37,4,5,00
B,1,1,37,4,5,00
A,1,1,37,7,1,00
B,1,1,37,7,1,00
A,1,1,37,13,1,00
B,1,1,37,13,1,00
A,1,1,37,14,0,00
B,1,1,37,14,0,00
A,1,1,37,15,0,00
B,1,1,37,15,0,00
A,1,1,37,23,7,00
B,1,1,37,23,7,00
A,1,1,37,27,7,00
B,1,1,37,27,7,00
A,1,1,37,29,2,00
B,1,1,37,29,2,00
A,1,1,37,39,1,00
B,1,1,37,39,1,00
A,1,1,37,43,5,00
B,1,1,37,43,5,00
A,1,1,37,46,3,00
B,1,1,37,46,3,00
A,1,1,37,47,2,00
B,1,1,37,47,2,00
A,1,1,37,48,5,00
B,1,1,37,48,5,00
A,1,1,37,49,2,00
B,1,1,37,49,2,00
A,1,0,38,2,2,00
B,1,0,38,2,2,00
A,1,0,38,6,5,00
B,1,0,38,6,5,00
A,1,0,38,12,7,00
B,1,0,38,12,7,00
A,1,0,38,14,1,00
B,1,0,38,14,1,00
A,1,0,38,17,4,00
B,1,0,38,17,4,00
A,1,0,38,22,7,00
B,1,0,38,22,7,00
A,1,0,38,23,7,00
B,1,0,38,23,7,00
A,1,0,38,24,6,00
B,1,0,38,24,6,00
A,1,0,38,29,10,00
B,1,0,38,29,10,00
A,1,0,38,30,3,00
B,1,0,38,30,3,00
A,1,0,38,35,1,00
B,1,0,38,35,1,00
A,1,0,38,46,3,00
B,1,0,38,46,3,00
A,1,0,38,48,6,00
B,1,0,38,48,6,00
A,1,1,38,2,7,00
B,1,1,38,2,7,00
A,1,1,38,6,5,00
B,1,1,38,6,5,00
A,1,1,38,10,5,00
B,1,1,38,10,5,00
A,1,1,38,11,4,00
B,1,1,38,11,4,00
A,1,1,38,23,9,00
B,1,1,38,23,9,00
A,1,1,38,24,6,00
B,1,1,38,24,6,00
A,1,1,38,27,2,00
B,1,1,38,27,2,00
A,1,1,38,28,3,00
B,1,1,38,28,3,00
A,1,1,38,32,1,00
B,1,1,38,32,1,00
A,1,1,38,35,7,00
B,1,1,38,35,7,00
A,1,1,38,37,2,00
B,1,1,38,37,2,00
A,1,1,38,41,2,00
B,1,1,38,41,2,00
A,1,1,38,49,6,00
B,1,1,38,49,6,00
A,1,0,39,0,3,00
B,1,0,39,0,3,00
A,1,0,39,13,6,00
B,1,0,39,13,6,00
A,1,0,39,23,6,00
B,1,0,39,23,6,00
A,1,0,39,35,5,00
B,1,0,39,35,5,00
A,1,0,39,38,4,00
B,1,0,39,38,4,00
A,1,0,39,45,2,00
B,1,0,39,45,2,00
A,1,1,39,6,4,00
B,1,1,39,6,4,00
A,1,1,39,8,1,00
B,1,1,39,8,1,00
A,1,1,39,9,9,00
B,1,1,39,9,9,00
A,1,1,39,16,6,00
B,1,1,39,16,6,00
A,1,1,39,24,6,00
B,1,1,39,24,6,00
A,1,1,39,31,7,00
B,1,1,39,31,7,00
A,1,1,39,33,4,00
B,1,1,39,33,4,00
A,1,1,39,41,10,00
B,1,1,39,41,10,00
A,1,1,39,45,5,00
B,1,1,39,45,5,00
A,1,1,39,47,3,00
B,1,1,39,47,3,00
A,1,0,40,1,3,00
B,1,0,40,1,3,00
A,1,0,40,8,7,00
B,1,0,40,8,7,00
A,1,0,40,15,3,00
B,1,0,40,15,3,00
A,1,0,40,33,6,00
B,1,0,40,33,6,00
A,1,0,40,38,6,00
B,1,0,40,38,6,00
A,1,0,40,39,8,00
B,1,0,40,39,8,00
A,1,0,40,41,4,00
B,1,0,40,41,4,00
A,1,0,40,45,1,00
B,1,0,40,45,1,00
A,1,1,40,12,2,00
B,1,1,40,12,2,00
A,1,1,40,17,1,00
B,1,1,40,17,1,00
A,1,1,40,18,0,00
B,1,1,40,18,0,00
A,1,1,40,25,5,00
B,1,1,40,25,5,00
A,1,1,40,31,2,00
B,1,1,40,31,2,00
A,1,1,40,41,0,00
B,1,1,40,41,0,00
A,1,1,40,48,6,00
B,1,1,40,48,6,00
A,1,0,41,16,7,00
B,1,0,41,16,7,00
A,1,0,41,17,3,00
B,1,0,41,17,3,00
A,1,0,41,18,10,00
B,1,0,41,18,10,00
A,1,0,41,22,9,00
B,1,0,41,22,9,00
A,1,0,41,23,1,00
B,1,0,41,23,1,00
A,1,0,41,26,2,00
B,1,0,41,26,2,00
A,1,0,41,27,6,00
B,1,0,41,27,6,00
A,1,0,41,29,9,00
B,1,0,41,29,9,00
A,1,0,41,32,7,00
B,1,0,41,32,7,00
A,1,0,41,47,7,00
B,1,0,41,47,7,00
A,1,1,41,33,8,00
B,1,1,41,33,8,00
A,1,1,41,36,8,00
B,1,1,41,36,8,00
A,1,1,41,37,1,00
B,1,1,41,37,1,00
A,1,1,41,41,8,00
B,1,1,41,41,8,00
A,1,0,42,3,6,00
B,1,0,42,3,6,00
A,1,0,42,11,1,00
B,1,0,42,11,1,00
A,1,0,42,19,6,00
B,1,0,42,19,6,00
A,1,0,42,25,1,00
B,1,0,42,25,1,00
A,1,0,42,26,9,00
B,1,0,42,26,9,00
A,1,0,42,27,3,00
B,1,0,42,27,3,00
A,1,0,42,28,4,00
B,1,0,42,28,4,00
A,1,0,42,29,10,00
B,1,0,42,29,10,00
A,1,0,42,30,4,00
B,1,0,42,30,4,00
A,1,0,42,31,1,00
B,1,0,42,31,1,00
A,1,0,42,33,0,00
B,1,0,42,33,0,00
A,1,0,42,35,3,00
B,1,0,42,35,3,00
A,1,0,42,43,5,00
B,1,0,42,43,5,00
A,1,0,42,48,8,00
B,1,0,42,48,8,00
A,1,1,42,0,1,00
B,1,1,42,0,1,00
A,1,1,42,1,6,00
B,1,1,42,1,6,00
A,1,1,42,4,5,00
B,1,1,42,4,5,00
A,1,1,42,7,7,00
B,1,1,42,7,7,00
A,1,1,42,9,6,00
B,1,1,42,9,6,00
A,1,1,42,16,3,00
B,1,1,42,16,3,00
A,1,1,42,18,7,00
B,1,1,42,18,7,00
A,1,1,42,20,0,00
B,1,1,42,20,0,00
A,1,1,42,21,9,00
B,1,1,42,21,9,00
A,1,1,42,28,7,00
B,1,1,42,28,7,00
A,1,1,42,46,3,00
B,1,1,42,46,3,00
A,1,1,42,47,7,00
B,1,1,42,47,7,00
A,1,0,43,0,1,00
B,1,0,43,0,1,00
A,1,0,43,3,4,00
B,1,0,43,3,4,00
A,1,0,43,7,6,00
B,1,0,43,7,6,00
A,1,0,43,12,8,00
B,1,0,43,12,8,00
A,1,0,43,14,1,00
B,1,0,43,14,1,00
A,1,0,43,15,10,00
B,1,0,43,15,10,00
A,1,0,43,20,5,00
B,1,0,43,20,5,00
A,1,0,43,31,9,00
B,1,0,43,31,9,00
A,1,0,43,35,1,00
B,1,0,43,35,1,00
A,1,0,43,37,4,00
B,1,0,43,37,4,00
A,1,0,43,41,2,00
B,1,0,43,41,2,00
A,1,0,43,48,7,00
B,1,0,43,48,7,00
A,1,1,43,1,9,00
B,1,1,43,1,9,00
A,1,1,43,32,9,00
B,1,1,43,32,9,00
A,1,1,43,33,9,00
B,1,1,43,33,9,00
A,1,1,43,43,4,00
B,1,1,43,43,4,00
A,1,1,43,46,3,00
B,1,1,43,46,3,00
A,1,1,43,47,7,00
B,1,1,43,47,7,00
A,1,0,44,9,2,00
B,1,0,44,9,2,00
A,1,0,44,10,1,00
B,1,0,44,10,1,00
A,1,0,44,14,5,00
B,1,0,44,14,5,00
A,1,0,44,15,8,00
B,1,0,44,15,8,00
A,1,0,44,19,9,00
B,1,0,44,19,9,00
A,1,0,44,22,8,00
B,1,0,44,22,8,00
A,1,0,44,26,7,00
B,1,0,44,26,7,00
A,1,0,44,30,6,00
B,1,0,44,30,6,00
A,1,0,44,36,2,00
B,1,0,44,36,2,00
A,1,0,44,42,2,00
B,1,0,44,42,2,00
A,1,0,44,46,8,00
B,1,0,44,46,8,00
A,1,0,44,47,6,00
B,1,0,44,47,6,00
A,1,1,44,0,9,00
B,1,1,44,0,9,00
A,1,1,44,7,4,00
B,1,1,44,7,4,00
A,1,1,44,8,4,00
B,1,1,44,8,4,00
A,1,1,44,15,5,00
B,1,1,44,15,5,00
A,1,1,44,18,0,00
B,1,1,44,18,0,00
A,1,1,44,19,9,00
B,1,1,44,19,9,00
A,1,1,44,34,4,00
B,1,1,44,34,4,00
A,1,1,44,37,3,00
B,1,1,44,37,3,00
A,1,1,44,38,5,00
B,1,1,44,38,5,00
A,1,1,44,43,6,00
B,1,1,44,43,6,00
A,1,1,44,44,10,00
B,1,1,44,44,10,00
A,1,1,44,45,9,00
B,1,1,44,45,9,00
A,1,0,45,2,1,00
B,1,0,45,2,1,00
A,1,0,45,4,7,00
B,1,0,45,4,7,00
A,1,0,45,11,10,00
B,1,0,45,11,10,00
A,1,0,45,12,5,00
B,1,0,45,12,5,00
A,1,0,45,17,9,00
B,1,0,45,17,9,00
A,1,0,45,18,5,00
B,1,0,45,18,5,00
A,1,0,45,21,10,00
B,1,0,45,21,10,00
A,1,0,45,23,9,00
B,1,0,45,23,9,00
A,1,0,45,24,4,00
B,1,0,45,24,4,00
A,1,0,45,25,5,00
B,1,0,45,25,5,00
A,1,0,45,26,4,00
B,1,0,45,26,4,00
A,1,0,45,30,10,00
B,1,0,45,30,10,00
A,1,0,45,35,2,00
B,1,0,45,35,2,00
A,1,0,45,40,7,00
B,1,0,45,40,7,00
A,1,0,45,44,2,00
B,1,0,45,44,2,00
A,1,0,45,46,9,00
B,1,0,45,46,9,00
A,1,0,45,49,0,00
B,1,0,45,49,0,00
A,1,1,45,0,0,00
B,1,1,45,0,0,00
A,1,1,45,2,5,00
B,1,1,45,2,5,00
A,1,1,45,7,4,00
B,1,1,45,7,4,00
A,1,1,45,10,9,00
B,1,1,45,10,9,00
A,1,1,45,26,2,00
B,1,1,45,26,2,00
A,1,1,45,34,8,00
B,1,1,45,34,8,00
A,1,1,45,35,1,00
B,1,1,45,35,1,00
A,1,1,45,43,9,00
B,1,1,45,43,9,00
A,1,1,45,46,7,00
B,1,1,45,46,7,00
A,1,1,45,49,1,00
B,1,1,45,49,1,00
A,1,0,46,3,2,00
B,1,0,46,3,2,00
A,1,0,46,6,2,00
B,1,0,46,6,2,00
A,1,0,46,8,6,00
B,1,0,46,8,6,00
A,1,0,46,9,7,00
B,1,0,46,9,7,00
A,1,0,46,10,3,00
B,1,0,46,10,3,00
A,1,0,46,15,7,00
B,1,0,46,15,7,00
A,1,0,46,17,5,00
B,1,0,46,17,5,00
A,1,0,46,34,5,00
B,1,0,46,34,5,00
A,1,0,46,35,3,00
B,1,0,46,35,3,00
A,1,0,46,36,7,00
B,1,0,46,36,7,00
A,1,0,46,41,9,00
B,1,0,46,41,9,00
A,1,0,46,44,7,00
B,1,0,46,44,7,00
A,1,0,46,47,6,00
B,1,0,46,47,6,00
A,1,1,46,2,8,00
B,1,1,46,2,8,00
A,1,1,46,3,2,00
B,1,1,46,3,2,00
A,1,1,46,6,1,00
B,1,1,46,6,1,00
A,1,1,46,8,8,00
B,1,1,46,8,8,00
A,1,1,46,10,0,00
B,1,1,46,10,0,00
A,1,1,46,14,7,00
B,1,1,46,14,7,00
A,1,1,46,15,4,00
B,1,1,46,15,4,00
A,1,1,46,18,9,00
B,1,1,46,18,9,00
A,1,1,46,25,7,00
B,1,1,46,25,7,00
A,1,1,46,26,7,00
B,1,1,46,26,7,00
A,1,1,46,27,6,00
B,1,1,46,27,6,00
A,1,1,46,40,1,00
B,1,1,46,40,1,00
A,1,0,47,6,7,00
B,1,0,47,6,7,00
A,1,0,47,8,8,00
B,1,0,47,8,8,00
A,1,0,47,11,9,00
B,1,0,47,11,9,00
A,1,0,47,14,6,00
B,1,0,47,14,6,00
A,1,0,47,15,2,00
B,1,0,47,15,2,00
A,1,0,47,18,2,00
B,1,0,47,18,2,00
A,1,0,47,20,1,00
B,1,0,47,20,1,00
A,1,0,47,25,3,00
B,1,0,47,25,3,00
A,1,0,47,29,3,00
B,1,0,47,29,3,00
A,1,0,47,37,2,00
B,1,0,47,37,2,00
A,1,0,47,44,6,00
B,1,0,47,44,6,00
A,1,1,47,2,2,00
B,1,1,47,2,2,00
A,1,1,47,12,2,00
B,1,1,47,12,2,00
A,1,1,47,15,10,00
B,1,1,47,15,10,00
A,1,1,47,29,3,00
B,1,1,47,29,3,00
A,1,1,47,30,1,00
B,1,1,47,30,1,00
A,1,1,47,41,5,00
B,1,1,47,41,5,00
A,1,0,48,4,3,00
B,1,0,48,4,3,00
A,1,0,48,5,4,00
B,1,0,48,5,4,00
A,1,0,48,12,5,00
B,1,0,48,12,5,00
A,1,0,48,14,3,00
B,1,0,48,14,3,00
A,1,0,48,16,6,00
B,1,0,48,16,6,00
A,1,0,48,18,6,00
B,1,0,48,18,6,00
A,1,0,48,21,9,00
B,1,0,48,21,9,00
A,1,0,48,23,5,00
B,1,0,48,23,5,00
A,1,0,48,39,2,00
B,1,0,48,39,2,00
A,1,0,48,47,3,00
B,1,0,48,47,3,00
A,1,1,48,7,7,00
B,1,1,48,7,7,00
A,1,1,48,13,1,00
B,1,1,48,13,1,00
A,1,1,48,15,2,00
B,1,1,48,15,2,00
A,1,1,48,21,10,00
B,1,1,48,21,10,00
A,1,1,48,24,3,00
B,1,1,48,24,3,00
A,1,1,48,28,10,00
B,1,1,48,28,10,00
A,1,1,48,34,8,00
B,1,1,48,34,8,00
A,1,1,48,39,5,00
B,1,1,48,39,5,00
A,1,1,48,43,0,00
B,1,1,48,43,0,00
A,1,1,48,49,9,00
B,1,1,48,49,9,00
A,1,0,49,13,9,00
B,1,0,49,13,9,00
A,1,0,49,23,4,00
B,1,0,49,23,4,00
A,1,0,49,26,6,00
B,1,0,49,26,6,00
A,1,0,49,27,3,00
B,1,0,49,27,3,00
A,1,0,49,31,1,00
B,1,0,49,31,1,00
A,1,0,49,35,8,00
B,1,0,49,35,8,00
A,1,0,49,36,3,00
B,1,0,49,36,3,00
A,1,0,49,38,3,00
B,1,0,49,38,3,00
A,1,0,49,39,1,00
B,1,0,49,39,1,00
A,1,0,49,46,4,00
B,1,0,49,46,4,00
A,1,0,49,48,3,00
B,1,0,49,48,3,00
A,1,0,49,49,1,00
B,1,0,49,49,1,00
A,1,1,49,1,0,00
B,1,1,49,1,0,00
A,1,1,49,3,5,00
B,1,1,49,3,5,00
A,1,1,49,5,5,00
B,1,1,49,5,5,00
A,1,1,49,11,5,00
B,1,1,49,11,5,00
A,1,1,49,18,8,00
B,1,1,49,18,8,00
A,1,1,49,24,2,00
B,1,1,49,24,2,00
A,1,1,49,32,1,00
B,1,1,49,32,1,00
A,1,1,49,37,7,00
B,1,1,49,37,7,00
A,1,1,49,40,10,00
B,1,1,49,40,10,00
A,1,1,49,42,2,00
B,1,1,49,42,2,00
A,1,1,49,47,1,00
B,1,1,49,47,1,00
